104646
111216
113745
147897
153590
19130
19290
21115
240378
24524
29689
30540
32105
341420
346351
346731
348115
35421
37965
41208
44336
46702
48179
49869
50222
52181
53955
55681
75012
80995
187147
162012

229229
247158
245826
234584
220336
216041
241810

235148
309661
39496
90214
105122
31632
281376
261679
212650
85288
102786
80345
265999
105348
28825
354378
20698
268661
263414
93815
118447
84331
189915
25149
80387
122281
41398
177264
74136
289422
147295
39593
59623
299216
132973
209247
92458
30932
92998
211514
97020
23472
89043
85730
33373
138925
83347
23920
53818
140172
107206
112374
48828
59232
52480
266098
112211
286421
292485
79683

76716
113901
80108
217960
122884
83291
50008
166208
84863
32910
80345
205565
93948
49219
117172
28825
83784
115175
75253
85740
267197
283353
255863
161118
92998
213032
264019
156734
206417
136491
118760
17948
275812
143764
52480
48253
88976
39140
19242
147159
82202
90858
78582
80025
115828
110002
143451
164281
140899
33366
335578
263738
263899
215866
114373
74136
35751
190756
86466
135629
105846
78083
163626
352519
91989
309776
164698
79683
96791
71104
49952
56358
74663
256118
40649
80119
73595
119563
361807
287041
115207
96906
173850
58340
42274
341289
33306
46532
274350
28107
363869
53818
307929
280837
171433
351823
349329
348668
30330
355528
100251
169744
94428
103267
26860
325249
121287
74125
39906
79586
340091
258860
334282
297807
218467
343390
287965
110554
191671
118447
190330
185129
120244
184087
93066
79540
103031
78719
355527
161323
70052
42863
89254
81799
126459
43761
348654

242248
242552
241597
241750
242251
241493
242259
242544
242548
241489
241490
240675
242264
231791
229760
226909
227382
228925
226416
216580
219776
203569
203233
188775
189112
184193
171476
179806
175975
174934
176328
176152
176199
176194
171289
167292
166758
54640
46280
252913
229392
229637
204218
184674
184429
184300
183987
184110
184175
184894
184762
184591
184196
184203
184537
184407
184522
184202
184201
184186
184571
184567
184566
