365750
364230
363596
363869
360758
361829
360781
359590
359364
359116
357982
357693
356246
356798
356203
356081
353684
353270
352877
352037
351935
351839
350542
349254
348857
347267
346718
346103
344658
343433
342776
340238
339836
336739
334153
333947
333487
333484
332866
332607
332363
198612
330273
330252
330163
329093
329380
328017
327957
327002
326617
324967
323773
323386
320533
319377
318954
318688
318585
316949
312384
311458
310493
310409
303461
309625
301392
308435
308399
307940
306362
306308
306018
303231
295916
302932
302432
253920
300578
299139
299089
295920
295764
294117
293318
292982
292749
291800
291516
291412
289180
288660
288423
286629
286445
286045
284849
284469
283691
282964
281566
279373
279123
278035
277759
277228
276907
275745
275097
274987
274248
274075
273437
273089
271749
271537
271500
271493
270732
270731
270650
270652
270514
270201
270122
269472
269357
268981
268903
268344
268501
268218
268207
267866
267589
265538
265537
264361
263815
263615
262506
261687
261098
260854
260190
260189
260188
259922
259881
258531
258478
258123
257529
257136
256377
255707
255668
255588
255108
254772
254757
253986
253913
253271
252546
252050
252044
252042
252022
251993
251899
251506
249424
247060
247003
246197
242155
242397
240251
239338
239184
239045
237931
235180
234664
227243
227247
232209
231387
231185
229617
229083
228788
227981
226424
226161
226132
225106
221198
217648
214870
214622
212958
212834
212784
184868
210305
209020
208092
205565
204926
204673
204581
203554
203192
200600
200336
199085
197164
195223
192746
192120
191481
190496
187508
185591
184813
184616
184425
183707
183176
182869
180708
179976
179969
178403
177729
176781
174868
173758
172446
163616
163510
163128
161049
160808
158371
156852
156522
154616
152889
151894
151470
149497
149229
147198
145544
144083
144073
143213
142661
141554
140631
141232
138925
140091
136392
135584
135578
135098
133231
129940
129607
124413
122417
120759
119465
118473
117172
117109
116569
115394
115399
115407
115131
114119
114117
113579
113577
113501
113272
112966
112493
112491
112024
112037
111121
109808
108499
108246
108354
107982
105895
106161
105884
104633
104615
104497
104210
103206
103061
102386
102252
102065
101735
101542
99428
99389
99353
98463
98311
97928
97638
93815
93734
92998
91856
90911
90794
88244
88976
88944
88853
88829
88149
84060
86474
85983
85982
85217
83062
82757
81699
81635
81029
80454
80184
79708
79302
76463
74870
71563
69049
66785
61771
61871
59679
58196
53721
53366
52877
52795
52586
51868
47449
46425
40026
38429
37866
35782
28825
29197
23955
22214
20759
19748
19531
367024
366049
361132
360282
355108
355762
355581
354874
354761
354250
353503
353128
350008
349492
347746
347394
347390
344836
345091
344640
344475
343726
342615
342099
341889
341734
341082
339881
339755
338887
338497
338241
337855
337573
337434
336256
335660
335122
335022
334544
334411
333437
333081
332923
332256
332124
331632
331499
331500
330655
330246
328916
328671
328656
328195
327420
326390
326267
326020
324904
325386
325378
325331
325266
325249
325222
324306
324275
323741
323538
315505
294332
323418
322353
321928
321643
321642
321167
321042
321000
320999
320471
320407
320009
319942
319582
319452
319428
319147
314523
318833
273470
317517
318583
318557
318509
318376
318205
318019
317930
317832
317791
317647
317158
316307
317053
316933
316928
316901
316873
316273
316245
316066
316009
316002
315946
315882
315664
315642
315622
315032
314943
314945
314816
314741
314681
314639
314569
314554
314515
314385
314346
314275
314231
314152
313719
314070
314000
313888
313817
313602
313597
313593
312832
312688
312619
312442
312362
312257
312089
311487
311619
311464
311411
311408
311200
311061
310940
310813
310346
310316
310189
310182
309989
309898
309661
309657
309493
309171
309020
308880
308476
308367
308270
308268
308267
308266
308171
308155
295236
307923
307804
307686
307465
306932
306518
306365
306197
306012
305391
305427
305403
305269
305193
305025
304782
304606
304241
304104
303661
303652
303513
303337
303313
300712
303011
302972
302865
302845
302704
298876
302527
302326
302248
302229
301955
301850
300281
295291
300798
300900
298538
298717
300068
299947
299832
299443
299301
299222
299272
296984
299193
299101
299075
298745
298873
298115
298643
298741
298609
298506
298323
298078
297451
297851
297811
297800
297637
297468
297270
296845
295679
296643
296218
296186
296092
295820
294956
295782
294549
295388
295546
295534
295292
295287
295247
295131
292118
293739
294140
294083
294057
293453
293424
292614
292779
293334
293228
293227
292990
292485
292612
290201
292708
292721
292558
292536
292210
291831
291421
291806
291759
291690
291648
291625
287468
291424
291581
291560
291353
291299
291285
291182
290794
290919
290716
290698
290692
290590
290469
290344
289959
289993
289789
290131
290112
290031
289899
289933
289880
289795
289714
288827
288549
288352
288345
288198
288120
287596
287927
286136
287299
287182
286697
286557
286043
286048
286054
285657
284918
283989
283635
282304
281625
281396
281357
281277
281065
280920
280786
280641
279597
279423
278483
277977
278257
277956
277528
277283
276921
276403
276154
276117
276015
275051
274497
274350
274349
273977
273858
273513
273624
272785
272666
272586
272503
272161
272118
271880
271875
271148
269703
269435
269281
269262
268661
268399
268046
268033
267651
267197
218545
265999
265199
264976
264842
264718
263899
264276
264095
264019
263776
263540
263414
263152
262929
262170
262122
262115
261957
261865
261779
261658
261686
261682
261679
261318
260639
260536
260454
260441
260366
260142
259882
259618
259597
259465
259070
259059
258950
258860
258597
258528
258200
258199
258197
258195
257631
257361
257214
256888
256239
256193
256159
256033
255926
255863
255267
255246
254523
254885
254751
254749
254656
254570
254564
253947
253504
253935
253715
253534
253310
253278
253277
253257
253205
252952
252184
252230
252231
252232
252229
252185
252181
252175
252174
252170
252166
252162
252160
252156
251918
250913
248764
235919
247149
247144
246945
246592
243611
243507
240206
240034
239927
239795
239164
239006
237570
237532
237349
237265
237262
237256
237061
236512
236184
236142
235463
234873
234158
233635
233210
232743
232482
231232
229675
229674
228832
228728
228497
228496
228131
228044
227952
227914
227851
226766
226021
225988
224891
223499
223456
223390
223337
223327
223041
221994
221975
218546
219355
214632
213749
214752
214588
214097
214432
214394
213742
213912
212142
207807
201993
189143
187558
184087
158204
156554
152795
151619
148180
366753
366711
364582
364322
363284
363014
362036
362366
362159
361393
359972
359873
359856
359706
359385
358409
358015
357611
356873
356756
356383
355497
354564
353152
352263
352231
351079
350894
350583
350156
349809
349919
349887
349042
349006
348791
348790
348749
348457
348701
347752
347030
345578
344109
343614
343530
342648
342345
341766
341577
341516
341386
340405
288547
339217
338870
338565
336444
336315
336192
335623
335604
329674
335016
333089
332819
332696
331783
331212
330988
331018
330929
330703
330507
329982
329756
329835
329692
329332
329257
329258
329229
329092
328323
327823
324771
325571
325574
325383
325279
324881
324843
324796
324068
323988
323941
323800
323384
322416
321265
322207
322080
321796
321514
321491
320900
320700
320668
320591
319908
319848
319496
319420
319379
319274
319213
318992
318913
318824
318680
318333
318325
318309
318272
317709
318234
318128
318074
318007
317587
317497
317481
317373
317284
316788
316737
316674
316579
316223
316217
315595
307201
315504
306845
307207
307655
314840
306752
308411
314483
314238
312553
313882
311104
312886
313511
313188
312823
306976
307205
312607
307558
307199
307790
309689
307517
307656
311636
309703
310240
308296
310156
310241
310505
300703
310742
310435
307657
309327
309881
309708
309165
308865
307929
307528
307503
307416
306147
306148
306852
305755
305751
305753
305726
305725
305897
305159
305018
304896
304721
304738
304900
303904
304483
304482
304230
303887
303896
303719
303720
303747
303679
303371
302856
302860
302876
302878
302877
302858
303084
302793
302436
301967
301924
301895
301667
301137
300922
300752
300654
299351
300030
299838
296986
299706
299723
299672
299295
296131
298888
298862
298696
298502
297977
297696
296935
296722
296385
296679
296388
296269
295468
295261
293868
295002
294401
294143
293998
293915
293271
292775
292636
292610
292397
292323
291471
291350
290042
289696
288664
288463
288334
288307
284891
281353
285373
283106
278366
285074
282654
282419
282113
281830
274237
280025
279883
279011
278355
277933
275101
273430
272467
272241
267537
266098
266079
265314
265111
264478
264107
263781
264128
263664
263439
261024
263286
262662
262628
262503
262353
262208
262249
262188
262021
261945
257919
261790
261715
261664
261633
261385
258203
261128
260947
260383
259978
256562
256398
251558
249363
247302
242248
242552
241597
241750
242251
241493
245836
245765
242259
244770
242544
242548
241489
241490
240675
244058
243996
243898
243263
243000
242231
238763
237348
233767
232831
225214
221361
220323
220266
214603
213734
211113
210603
209403
206529
203026
202888
197849
189145
184090
184086
183852
174779
173225
162897
159233
155113
154539
154333
153737
80387
367015
366921
366886
366766
366388
366299
366280
366228
366221
247713
366038
365628
365276
365116
364961
364859
364249
364068
363895
363627
363562
198498
199431
362984
361948
362961
362911
359219
362824
362823
359491
362762
362755
362568
362399
360777
361934
361838
361818
361807
361797
361694
361677
361612
360773
361497
361467
360885
361308
361143
360232
360779
360390
192168
360421
360420
360138
360026
359999
359719
359435
359522
359413
359342
359117
359310
359268
359007
358876
358514
358669
358650
358455
358389
358071
357933
357745
357438
357393
351344
356701
356186
356018
355951
355856
355734
355559
355528
355527
355295
355288
354620
355191
355182
342638
355123
355138
354905
354378
353747
353633
352335
352953
352918
352662
352617
352519
352534
352398
352255
348667
352093
352052
352025
351969
351823
351868
351770
351500
349041
351359
351338
351227
343390
349329
350909
350805
350718
350655
350032
350460
349253
350180
350183
350026
347563
349943
349829
349659
349684
349541
349348
349332
349185
348930
343235
348872
348784
348668
344526
348587
348563
348531
348431
347610
348402
348395
348237
348181
348154
348087
348049
347914
347389
347806
347648
347764
347663
347627
347626
347624
347581
347562
347560
347530
347480
347437
347204
347206
347214
347160
347148
347134
347093
346722
346931
346780
346787
346771
346731
345953
346365
324023
333269
346351
346119
346033
346027
344895
345923
345826
345805
345524
345725
345682
345607
345531
345519
345485
345472
344495
345369
345268
345083
345023
344926
344907
344682
344680
344569
344126
344120
344155
344080
344076
339395
339393
343696
343680
343674
343562
343623
343544
343333
343261
343211
343195
343094
342701
342869
342692
342603
342057
342494
342357
342276
342213
342151
342127
342117
342062
342019
341981
341914
341902
341860
341749
341847
341695
341678
341394
341564
341206
341420
341250
341289
341141
341136
341054
341030
340914
340820
338702
340569
339392
340453
340326
340096
340038
339975
339860
339799
339807
339754
339715
339683
339636
339296
275456
339047
338689
338685
338566
338454
338413
338414
337786
338278
337614
338075
338039
337905
337837
337794
337776
337727
337581
337576
337497
337397
337392
337223
337174
337154
336925
336823
335812
336694
336673
334577
336227
335938
328487
335852
306828
335763
335612
335519
332985
335452
335332
335328
335221
335053
335198
335108
334871
334857
334584
334749
334542
334282
334528
334472
333910
334360
334247
333830
333822
333467
333293
333228
333012
333000
332843
332535
332476
332235
332135
331999
331864
331836
331812
331598
331325
330920
330807
330679
328873
329317
329276
328952
328947
328615
328608
328427
327895
328137
328110
328021
327893
327814
327793
327724
327138
319956
324107
327290
327282
327150
326777
326192
326456
326094
326042
325841
325740
325691
324205
325180
325467
325297
325251
324639
324939
324897
324894
324302
324253
323803
323511
323360
323343
322930
322905
322493
322302
322218
322120
321635
321618
321279
321268
320624
320620
320485
320378
320040
320024
319734
319535
319204
318960
318959
318854
318815
318780
318648
317450
317020
317012
317010
316912
316909
316212
316392
316198
316294
316152
315707
315820
315812
315139
314882
311807
314723
314728
314624
314359
314219
314168
313702
313685
313665
313316
313229
313120
312905
312793
312792
312725
301298
312338
312082
312047
311821
311649
311489
311403
311286
311046
311039
310878
310760
310717
310621
310514
309950
310170
310101
309909
309875
309613
309771
309733
309651
309618
309513
307360
301296
309153
308853
309031
308925
308769
308719
308720
305089
308474
308394
307559
308330
301269
308181
308122
308035
299948
307779
307775
307382
307758
307379
307670
307680
307653
286929
307502
307501
307415
307400
302687
306803
307183
307170
306974
306746
306704
306601
306530
306485
275451
305336
306176
306069
306036
304587
305886
305752
297388
305615
305418
305455
305421
304964
305362
305280
305124
305246
305195
305080
305071
305030
298525
304921
304711
304686
304679
303892
304584
304575
304557
299216
304283
304253
304213
304207
303931
303825
303820
302682
303612
303481
303466
303453
300647
301447
303255
303204
303201
303157
302870
303117
303009
302979
302953
302828
302732
301897
302025
302022
301976
301875
301852
301769
301680
301607
301561
301436
301099
301287
300989
301248
295773
301118
300998
300755
300767
300978
300959
300884
297364
300761
300633
300526
300454
300195
300179
298831
299800
297369
299651
299600
299493
299378
299078
298536
298878
298175
298899
298807
298792
298642
298457
298259
297482
298087
297807
297752
297581
297279
297226
297197
296968
296462
294402
296584
295883
295650
292201
296254
296234
290119
296013
289390
295955
295895
295748
295835
295776
291979
294816
294925
294717
294839
294814
294815
294654
294364
294346
294252
294131
294094
294085
294068
293816
293763
293569
293096
293057
292980
292784
292715
292663
292291
292580
292560
292250
292213
292044
292135
287729
291880
291579
291428
290848
290788
290206
289992
290030
289973
289929
289924
289689
289615
289562
289520
289488
289422
288486
289098
289049
236130
288920
288701
288640
286418
288355
288317
288262
287965
287360
286609
287255
287237
287202
287075
287067
287041
286728
286174
286421
286088
285813
285827
285820
285814
285811
285256
285215
285053
166274
265628
284677
284542
284464
284485
284237
283612
283943
281376
283885
282502
283765
283589
283531
283508
283353
283329
283299
282897
282707
282667
280768
282416
282412
282280
282176
282134
280854
281694
282104
281955
281916
281905
281393
281168
280968
280826
280856
280837
280753
280700
280588
280620
280619
280546
280138
280051
269980
279644
279565
273477
279078
278946
278420
278317
278181
277595
277898
277895
275901
277681
276873
277456
277355
277353
277178
277172
276840
274886
276729
276665
276518
259915
276296
276252
275812
275674
275563
275386
275164
275039
268570
274990
274933
274921
274830
274245
273938
273812
273637
273622
273505
273391
273463
273451
273101
272934
272848
272803
272568
272731
272622
272698
272552
272352
271770
272195
271736
271690
271686
271439
271460
271066
271017
270730
270876
270722
270598
267654
270497
270374
270345
270131
270059
269951
269793
269633
269381
269544
269344
268884
269148
269116
269065
269032
268923
268786
268776
268744
268567
268410
268354
268269
268153
268116
268018
267880
267791
267663
267631
267561
267415
267307
267293
267299
267159
267118
266630
266611
266343
266241
261509
265977
265889
265748
265675
265622
265558
265545
265540
265498
265476
265072
264172
265247
265211
265190
265189
265186
265184
265176
265120
264708
264656
264480
264465
264173
264431
258175
264282
263842
264142
263957
263895
263844
262862
263794
263792
263639
263617
263575
263574
263558
263531
263455
263428
263381
263346
263245
263137
262948
262930
262864
262847
262830
262823
262644
262626
262586
262477
262324
262239
262312
262267
262199
262193
262192
262166
261752
262098
261999
261964
62757
261644
261436
261382
261353
261352
261216
261223
259755
261052
260955
260830
260799
258226
259010
260577
260526
260447
260340
260179
260092
260068
260056
260057
260015
259924
259966
259946
259923
259791
259875
259822
259801
259757
257465
259522
259418
257324
259315
259278
259237
259235
259224
259157
257423
258974
258969
258968
258954
258900
258656
258634
258480
258532
256904
258335
257421
258248
258208
258149
256419
258003
258009
256403
255815
257758
257672
257665
257561
257492
257371
257354
257118
256720
256534
257080
256118
256917
256798
256665
256604
256456
256394
256274
256265
256221
256110
256074
255657
255075
255566
255537
255541
253708
255258
255257
255150
255004
254928
253852
254763
254552
254406
254530
254240
254223
254095
253819
253696
253590
251969
253365
253025
253319
253080
252919
252967
252319
252732
252528
252574
252467
252264
252183
252121
252069
252010
251732
251684
251666
251380
251482
251422
251053
251014
250775
248380
250568
250475
250397
250357
250272
250126
249933
249884
249672
249670
249558
249472
249412
249155
249113
248917
248888
248744
248679
248548
248537
248234
245820
247433
247202
242264
229229
247158
246617
246360
244693
246046
245826
245745
245406
245331
245248
245118
245026
244761
244819
244601
244591
243885
243227
243224
243214
243108
242915
236458
242337
242196
234584
241828
241640
241734
241731
241617
241547
241238
241256
241172
240918
238729
239882
240628
240452
240378
240355
239693
238731
239580
239215
239119
239116
238668
238510
238550
238477
237007
237848
237623
237602
237584
231791
237164
237073
237014
237054
236520
236264
235927
235902
235688
235680
235302
235148
235128
235125
235110
234823
234308
234101
232910
232431
229760
215810
231639
231510
231288
231218
231140
230907
230894
230883
230759
226909
227382
230705
230190
228925
226416
230096
229828
229496
229416
229388
229386
229209
229062
228907
228787
228575
228475
228429
228220
227897
227646
227420
227408
227011
226812
226781
226158
225793
225323
225505
225229
224845
224889
224861
224851
224783
224740
224688
218248
224167
223977
223945
223870
223858
223723
223374
223505
223484
222544
222000
222749
222433
222273
222247
216580
221792
221961
221936
221935
221818
220962
221638
221535
221537
221442
219136
219776
221431
221397
221287
221021
221018
220770
220347
220628
220336
220313
219915
219690
219052
219549
219500
219411
219342
219217
218905
218862
218861
218524
218081
217831
217756
217517
217400
217334
217234
217203
216918
217179
217029
216856
216799
216635
216573
216537
216376
216503
216196
216041
215906
215926
215921
215866
215874
212410
215825
215794
215457
215379
215132
215316
215113
214980
215005
214954
214888
214350
214755
214726
214613
214516
214439
214245
214237
211647
214294
214287
214278
214271
214079
213982
213979
213958
213906
213732
213736
213508
213404
213268
213248
213233
204416
212827
199819
212650
212554
212287
212366
212353
212340
212335
212293
211940
211843
211744
211712
211514
211516
211438
211245
211094
211154
211130
211096
181987
211015
210712
210669
210671
210372
210361
210316
210147
210092
209757
209626
208919
203569
209202
209061
209000
208978
208617
203233
207922
208918
208884
208800
208615
208418
208361
208347
188775
207666
207214
207220
207158
207162
207075
207020
206892
206562
206417
206303
205913
206143
201595
205585
205520
205200
205088
205011
204931
204766
204584
204322
204232
204130
204073
203946
203908
203812
203696
203741
203234
203167
203111
202809
202750
202680
202656
202131
202580
202482
202244
202041
202014
201803
201574
200493
201020
200894
200881
200840
200700
200685
200677
200599
200614
200547
200417
200140
200325
200203
200157
199722
200077
200052
200034
195764
199765
199735
199626
197983
199555
199460
189112
199248
199265
199211
180473
198849
198801
198736
198593
198620
198556
198537
198525
198422
198390
198312
198020
197967
197907
197745
197737
197483
197286
196556
197197
197172
197065
196896
196838
196563
196486
196345
196335
196319
196233
196100
194253
195516
195478
195269
195028
194920
194333
194501
184193
194285
194317
194080
194051
193867
193244
193026
192974
192890
192486
191913
191729
191917
191896
191671
191537
191137
190877
190756
190576
190470
190407
190330
189915
186491
189737
189309
189251
189190
189185
189067
188813
188664
188370
188205
188204
188015
187881
187747
187743
187662
182941
187579
187489
187314
187147
185480
186572
186383
186186
186249
186202
185607
185820
185334
185153
185216
185173
185129
184509
184487
184489
184444
171476
184329
184119
184079
184085
184035
183882
183880
183685
183675
183671
183256
183207
182205
181323
182215
179806
173915
181637
181588
181481
181014
180802
175975
180645
180468
180552
180523
180351
180334
180295
180167
180144
179926
180086
180003
179964
174934
179897
179052
176328
174491
179125
176152
178912
178837
176199
176194
178567
178503
178398
170838
177624
177732
177076
177668
171222
177264
174135
176279
177071
177059
171289
176779
176689
176545
176387
176258
168756
176043
175970
175949
175803
175756
175448
175522
175447
175159
175225
172390
174829
174826
174809
174585
173850
174351
174334
174120
173887
173817
173596
173069
173001
172981
167798
167097
172853
172759
172689
172458
172441
172357
172205
172055
171281
171556
171464
171433
171414
171197
171278
171271
171253
171216
171131
169742
169907
171085
171072
171042
171019
170957
169779
169744
170647
170744
170699
170273
170487
170390
170196
170061
170018
169952
169943
169939
169904
169902
169866
169802
167292
166758
169523
169507
169308
169279
158548
158554
158561
168858
168808
168790
168499
168769
168765
168684
168651
168647
168627
168598
168534
168423
168327
168259
168162
167795
168103
168029
167968
167949
167924
167819
167742
167739
167735
165416
167422
167411
167304
167315
167283
167104
167190
167027
167172
167252
167169
167223
167218
167194
167160
166308
165208
166700
166616
165432
166231
166525
166521
166511
166481
166465
166364
166357
166233
166208
166162
166126
114295
165108
165833
165631
165707
165695
165682
162651
165586
165366
165158
165066
164870
164803
164698
164657
164678
164673
164669
164586
164381
164363
164355
164353
163554
164289
164281
164275
164227
164225
164220
163931
164135
164136
164045
164027
164015
163900
161893
163783
163726
163678
163661
163626
163570
163548
160687
163449
163459
163427
163225
163130
163127
162948
162791
162783
162656
162672
162535
162522
162237
162576
162574
162290
162506
162503
162448
162477
162469
162407
162459
160410
162388
162378
152262
162043
152266
162016
162012
159831
159593
161998
161933
161884
161808
161741
161722
161662
161601
161416
161323
161243
161233
161217
161120
161145
161118
161091
160985
160876
160731
160826
160740
160663
160655
160661
160467
160595
160559
160523
160366
160358
160352
160343
160340
160326
160271
160253
160193
159640
160089
160077
160045
159887
159631
159396
159222
158950
159259
159241
159164
159157
159133
158683
158996
158922
158921
158910
158794
158632
158515
158496
158450
158411
158409
158361
158183
158259
156790
158196
158154
158039
157983
157914
157234
157864
157662
156734
157789
157716
157547
157541
157536
157394
157284
157273
154619
155003
157142
157123
157070
156997
156909
154460
156750
156745
156699
156563
156466
156053
156246
154974
156264
156124
155986
155964
155854
155848
155830
155822
154271
155672
154975
155381
155181
155350
155247
154992
154624
154554
155139
155052
154900
154963
154773
154613
154717
154530
154493
154437
154385
154335
154329
154164
154220
153633
154198
154188
153987
154061
154156
154153
153989
154018
153979
153875
153857
153707
153460
153639
153637
153606
153590
152486
153448
153400
153374
153312
153308
153309
153048
153165
153138
153077
153005
152924
152854
152892
152802
152727
152632
152568
152563
152415
152565
152513
152428
150434
152416
152391
152332
152326
150436
152104
148990
152149
151788
152082
152080
151947
151824
151889
151848
151797
151782
151761
151330
151332
151247
151212
151193
150993
150963
150958
150813
150799
150788
150550
150542
150531
144572
147221
150130
150099
147897
149987
149951
149915
149591
149347
149317
149269
149162
149127
149053
148981
148637
148581
148507
148204
148093
147912
147442
147731
147690
147621
147490
147333
147347
147278
147253
145314
147159
147131
147114
147103
147044
146881
146968
146964
146467
146871
146808
146749
146746
146739
146165
146526
146282
146112
146085
145249
145652
145649
145538
145356
144926
143764
144835
144729
144721
144705
144610
144358
144309
144165
144070
144064
144037
143882
143769
143248
143451
143393
143279
143223
143216
141739
142698
142662
141753
142227
141967
141945
141909
141907
141117
140424
141409
141381
140913
141280
141153
141114
141094
140998
140957
140940
140899
140693
140057
140458
140349
140308
140249
140248
140246
140220
140172
140157
139214
137416
139602
139518
139511
139451
138032
138944
137808
138745
138736
138582
138458
138377
138300
138249
138216
137839
137451
137653
137562
137554
137391
137146
137139
137043
136807
136688
136654
136555
136491
136464
136444
136330
136163
125825
135970
135847
135629
135513
135468
135289
135260
134501
135221
134913
135134
135045
135001
134894
134714
134417
134462
134482
134357
134236
134228
134227
134051
133951
133804
133665
133345
133562
133469
133405
133404
133350
133011
133007
132973
132822
132882
132535
132463
132260
132234
132220
132018
131938
131891
131748
131635
131573
131465
131404
131346
130482
131088
130881
130813
130571
130354
130271
129850
129742
129587
129439
129432
129249
129092
129062
129056
115504
128981
128781
104964
128713
128634
128462
128371
128341
128179
127965
128054
128042
128005
127936
127883
127756
127724
127666
127218
127621
127640
127393
127417
127409
127406
127379
127317
127358
127338
127225
127192
127127
127122
127105
127097
127073
127002
127085
127076
127084
127083
127080
127077
127040
127042
127036
127012
127001
126923
126901
126768
126736
126655
126650
126649
126607
126592
126577
126477
124171
126459
126426
126417
126396
126386
122824
126375
126370
126350
126346
126323
126316
126277
126256
126199
126191
126175
126151
126109
126083
126117
126114
126086
125245
126020
126013
125954
125939
125925
125904
125897
125874
125869
125224
125864
124172
125792
125658
125769
125760
125672
125627
125638
125360
125170
125498
125492
125488
125470
125465
125447
125436
125411
125342
125173
125278
125228
124161
124994
125165
125154
125123
125111
124754
125065
124897
125024
125022
124977
124978
124689
124924
124753
124914
124855
124850
124835
124799
124793
124761
124725
124718
124711
124708
124679
124641
124637
124642
124539
124495
124152
124439
124441
124440
124407
124383
124368
124336
124257
124230
124220
124150
124119
124102
124044
123980
123864
123391
123765
123763
123755
123757
123749
123710
123600
123533
123532
123443
123318
122823
123216
123138
123108
123041
122966
122623
121842
121873
121958
122281
122625
121287
122707
122654
122429
122058
122198
122063
120906
117888
122005
121973
116326
121914
121906
121824
121723
121663
121596
121545
121517
121473
121459
121227
121290
121282
121239
121219
121211
121058
121069
121123
121089
120967
121006
120958
120828
120799
120631
120599
120348
120013
120244
119732
119910
119796
119721
119662
119650
118567
119614
119563
119112
119073
118961
117623
118722
118760
118718
118738
118716
118589
118447
118492
118474
118414
118410
118398
118395
118391
118365
118298
118297
118224
118179
118167
118142
118128
118114
118110
118064
118061
118042
117641
118013
117984
117928
117856
117026
117823
117772
117753
117716
117630
114430
117136
117613
112840
116463
114465
117451
117138
117383
117376
116603
117243
117221
117216
117168
117158
117156
117078
117076
117049
117002
116998
116972
116843
116867
116897
116862
116838
116700
116533
116638
116629
116598
116587
116560
116555
116525
116445
116430
116400
116357
116341
116337
116336
116282
115554
116235
116221
116198
116147
116144
116141
116133
116084
116008
116006
116003
115956
115103
115888
115854
115834
114724
115826
115817
115788
115759
115751
115692
115603
115567
115553
115319
115459
114283
115305
115387
115339
115314
115290
115207
115189
114974
115175
115165
115141
108662
115115
115089
115066
114288
115075
115028
115009
114999
114973
114952
114920
114918
114833
114827
114789
114737
114704
114749
114750
114649
114735
114727
114656
114281
114585
114541
114537
114531
114505
114446
114407
114403
114373
114324
114293
114193
114214
114266
114225
114200
114072
114038
114035
113928
113907
113903
113724
113823
113801
113750
113733
113679
113613
113365
113453
113430
113436
113333
113284
113268
112932
113207
113147
113168
113134
111216
112976
112896
112841
112790
112750
112715
112623
112565
112581
112540
112549
112520
112372
112375
112374
112362
112279
112211
112200
112150
112135
112117
111835
112080
112062
111986
111956
111947
111869
111870
111854
111817
111751
106764
111706
111545
111509
111504
111421
111402
111364
111293
111113
111008
110791
110982
110804
110810
110554
110670
110657
110607
110567
110564
110489
110488
110487
110399
110171
110129
110109
110042
109915
109887
109843
109595
109553
109541
109539
109131
109443
109372
109128
109001
109078
109045
109019
108929
108756
108755
108055
108739
108709
108649
108614
108573
108546
108521
14680
108465
108409
108364
108058
108210
108208
108191
108180
108099
108016
107938
104039
107709
107731
107662
107611
107499
107474
107468
107436
107139
107130
91042
107040
106913
106904
106815
106789
106766
106697
106687
106663
106592
106435
106390
106351
106296
106231
106152
105913
105908
105843
105846
105827
105731
105699
105554
105421
105514
105372
105348
104558
105323
104394
105072
105051
99828
104963
104931
104914
104892
103517
104752
104279
104646
104568
104535
104121
104110
104098
104058
103945
103961
103895
103658
103531
103438
103413
103383
103292
103222
102786
103031
103026
102848
102974
102863
102811
102260
102798
102737
102630
102571
84756
102391
102301
102287
102283
102227
102187
102172
102136
102048
101912
101760
101824
101750
101746
101707
101667
101607
101572
101496
100950
101128
101065
100888
77362
100591
100554
100538
100468
100342
99808
99734
99530
99406
97926
99365
99308
97947
98958
98888
91289
98784
98755
98622
98476
98461
97830
98086
97962
97916
97856
97776
97744
97182
97173
97160
97020
96945
96914
96906
96791
96626
96377
96320
96018
96265
96208
96162
94781
95963
95388
95381
95084
95050
93039
94876
94430
94283
94046
93979
93002
93561
93439
93372
93309
93282
93187
93111
92865
86905
92827
92753
92722
92573
92468
92446
92401
92370
92344
92334
92331
92307
92251
92148
92128
91989
91980
89365
91600
91561
91101
91415
91290
91179
90858
91075
90146
90953
90736
90727
90635
90479
90302
90214
89888
89903
89254
89140
89138
89051
89050
89043
88841
88833
88821
88801
88738
88711
88166
88504
88511
88418
88344
88255
88254
88040
87841
87633
87622
87416
87406
87332
87283
87230
87222
87140
87094
87090
86848
87003
86873
86834
86800
86736
86723
86705
86702
86700
86685
86584
86550
86518
86476
86466
86451
86378
86308
86296
86217
86213
86192
86135
86129
86044
49165
86002
86001
86000
85985
85890
85805
85428
85740
85730
85705
85636
85413
85314
85263
85222
85214
85132
84946
84863
84850
84822
84528
84685
84526
84520
84456
83802
84419
84375
84360
84231
84331
84325
84249
84267
84241
84071
84086
84078
83991
83976
83967
83968
83824
83784
83775
83695
82338
83261
83515
83574
83540
83458
83437
83375
83347
83344
83313
83291
83288
83239
83188
83181
83033
83012
82174
82846
82795
82742
82704
82645
82622
80675
81357
82455
82439
82329
82394
74667
82339
82318
78757
82291
82269
82253
82236
82212
82202
82149
82044
82041
82033
82031
82028
81908
81909
81917
81824
75210
81822
81799
81768
81748
81746
81700
81661
81653
81648
81639
81619
81528
81517
81499
81482
81479
81389
81373
81352
81328
81303
81309
81263
81243
81239
81222
81191
81071
81070
25288
81044
81040
80995
80947
80941
80939
80923
80641
80907
80865
80785
80781
80759
80754
80746
80666
80735
80701
77951
80627
80603
80108
80125
80527
80521
80475
80460
80458
80393
80432
80415
80373
80355
80345
80321
71270
80274
80199
80110
80119
80047
80011
79976
78872
79962
79900
79820
79802
79779
79758
79547
79726
79677
79667
79586
79540
79507
79485
79489
79419
79389
79379
79350
79370
79265
79258
78582
79172
79138
79083
78975
78909
78898
78838
78806
78792
78135
76356
76354
76353
76351
76350
77017
77439
77446
77447
77449
77450
76748
78310
78299
78323
78322
78321
78320
78319
78318
78317
78316
78315
78505
78415
77741
78262
78259
78235
78206
78190
78083
78077
78005
77979
77954
77914
77848
77756
77680
77675
77529
77485
75831
77432
77363
77332
77164
77096
76716
77018
76857
76942
76117
76679
76677
76564
76417
76422
75907
75791
75714
75637
75655
75645
75639
75594
75555
75391
75117
75329
75297
75268
74972
75165
75119
75020
75016
75012
74996
74916
74895
74835
74786
74663
72266
74610
74651
74615
74459
74340
74371
74136
74125
74119
74101
73907
72736
74047
73595
73921
73914
73840
73751
73662
73591
73528
73523
73266
73207
73127
73098
72888
72749
72567
72542
72509
72484
72407
72037
72032
71954
71913
71882
71787
70215
70295
71319
71104
71082
71079
71063
71060
71044
71030
71024
70858
70842
70793
70661
70606
70281
70213
70131
70095
70092
70052
69994
69710
69548
69511
69348
69285
69218
69166
68974
68929
68921
68913
68883
68868
68864
68859
68856
68848
68807
68467
68359
68060
67404
67156
67066
66433
66937
66733
66526
66465
66351
66333
66263
66096
66013
65792
65777
65739
65490
61298
62706
62664
55812
61607
61734
60478
61365
61306
61191
61143
61124
61002
60983
60936
60951
60927
60802
60734
60701
60683
60612
60588
60536
60512
60463
60363
60362
60275
60165
60096
60091
59963
59959
59826
59786
59749
59708
59623
59569
59265
59232
58803
58977
58626
58915
58753
58723
58657
58497
58451
58392
58385
58342
58340
58300
57755
58107
58062
56221
57958
53165
57789
57726
57652
57638
57635
57561
57559
57412
57399
57327
57255
57216
57213
57165
57144
57082
57081
57076
57075
57066
57058
57057
57009
56938
56898
56894
56879
56842
56789
56749
56614
56606
56491
56496
56429
56427
56376
56358
56197
56167
56160
56159
56092
56082
56081
55918
55897
55774
55531
55728
55692
55688
55681
55651
55585
55573
55541
55538
55338
55492
55490
55403
55297
55208
54864
54941
54893
54879
54822
54712
54670
54661
54640
54429
54396
54344
54330
54204
54243
53984
54125
54045
54044
54043
54002
53986
53971
53962
53958
53955
53870
53865
53864
53818
53812
53777
53755
53637
53675
53660
53653
53659
34106
53426
53424
53365
53318
53279
53278
53253
53203
53228
53222
53167
53018
53110
52604
53047
53025
53024
53011
53016
52946
52824
52822
52749
52616
52596
52568
52451
52324
52480
52388
52345
52194
52177
52036
52027
52014
51992
51990
51936
51927
51900
51873
51781
51793
51745
51088
51640
51518
51630
51569
51551
51542
51519
51493
51457
51452
51276
51223
47401
51233
51027
51133
51129
51119
51116
51095
51058
51055
51020
51029
50980
50969
50968
50962
50907
50867
50864
50799
50739
50763
50731
50639
50447
50409
50222
50307
50291
50240
50148
50131
50136
49952
50029
50008
50006
49869
49953
49917
49842
49761
49812
49763
49781
49728
49645
22013
49623
49500
49558
49424
49397
49216
49365
49314
49307
49219
49182
48979
49056
49058
49036
48921
49007
49006
48988
48931
48925
48908
48905
48901
48828
48794
48772
48700
48667
48694
48695
48670
48669
48666
48587
48520
48519
48490
47561
48458
48359
48363
48174
48176
48178
48253
48160
48179
48096
48002
47911
47865
47860
47723
47699
47517
47386
47188
47408
47388
47358
47314
45938
47090
47060
47019
46947
46940
46808
46924
46879
46760
46702
46611
46672
46645
46584
46532
46515
45825
46351
46344
46316
46296
46280
46257
46170
46113
46101
45823
45496
45621
45813
45755
45758
45374
45220
45433
45427
45266
45332
45263
45146
45041
45001
45039
44451
44801
44745
44739
44663
44319
44539
44273
44361
44331
43461
43917
43916
43810
43808
43761
42853
43665
43434
43297
43136
41398
43007
42871
42863
41189
41625
42425
42404
42083
40539
42312
42274
41251
42210
42137
42103
42008
38293
32714
41826
41817
41728
41655
41689
41622
41613
41606
41596
41319
41208
41107
41100
41063
40455
40967
40550
39243
40695
40031
40652
40649
40381
40326
40232
40221
39583
40047
40045
39906
39956
39870
39285
39462
39337
39220
39140
39085
39014
38995
38943
38462
38736
38691
38686
38651
38584
38529
38433
38412
37490
38212
37489
36533
37965
37709
37493
37724
37665
37595
37496
37524
37481
37488
37275
34923
37107
24099
29354
37051
36932
36842
36754
36108
36542
36418
36345
36219
36213
36072
36027
35717
35909
35906
35755
35751
35605
35625
35421
35220
34753
34673
34376
34213
34172
33795
33797
33518
33373
33366
33306
32910
32859
32105
30540
31632
32205
31456
32073
32056
31758
31759
31253
31712
31707
30939
31571
31535
31367
31025
30592
31006
30889
30838
30742
30689
30486
30446
30330
30312
30305
30030
29898
29846
29724
29689
29615
29543
29384
29339
29290
29230
29177
29062
28683
28546
28116
28286
28269
28107
28032
27763
27700
27599
27550
27441
27395
27393
27382
27265
27123
27086
27084
26798
26703
26905
26860
26833
26650
26534
26444
26398
26123
26103
25966
25840
25805
25802
25769
25648
25581
16726
25525
25437
25414
25349
25369
25189
25149
25038
24999
24972
24971
24938
24876
24849
24727
24767
24678
24641
24524
24521
24465
23844
24265
23716
24234
24142
24098
24046
24005
24002
23920
15864
23870
23845
14649
23804
23733
23711
23703
23682
23681
23679
23485
22811
23566
23523
22775
23495
23483
23481
22409
23472
23467
23446
23429
23380
23294
23292
23217
23261
23244
23213
23170
23154
23146
22947
23002
22760
22881
22891
22889
22874
22869
22819
22690
22684
22663
22574
22540
22392
22297
22358
22306
22305
22099
22084
22081
21926
21895
21755
21710
21474
21424
21410
21333
21309
21246
21229
21221
21220
17324
21184
21155
21134
21115
21098
21050
21082
21019
21032
21021
20989
20009
20782
20724
20698
20684
20650
20614
20131
20522
20414
17335
20270
20262
20241
19828
20141
20122
20018
19977
19956
19875
19873
19798
19641
19609
19255
19364
19244
19290
19106
19249
19242
19226
19206
19204
19130
18996
18963
18834
18712
18685
18683
18681
18477
18465
18348
18203
18270
18202
18190
18132
18023
18021
18005
18004
17912
17948
17920
17757
17578
17328
17099
16875
16780
15754
15567
15382
15315
15283
15197
15173
15166
15127
14968
14566
14508
14177
14257
14173
365685
364982
364980
364433
364421
363799
363205
363161
363137
363108
363106
363099
362538
360921
360782
360143
359314
358468
358375
357888
356289
355836
353497
73616
353278
352142
351722
349067
347268
345704
344976
343675
343035
342745
341161
341157
339093
338730
337486
336481
335578
334944
334259
334398
332141
331395
331151
330198
330008
328933
328847
328836
328430
325840
324310
321776
321696
321458
319640
319637
319634
319485
317495
316665
316720
316162
316489
316466
315017
314174
312410
310720
309785
309431
308128
307413
306596
306555
305826
305847
304648
304618
304480
304385
303585
302844
302433
302119
301045
301042
300834
300210
299702
299338
298491
297204
297203
296646
296644
296608
296606
295809
295262
294866
294560
294400
293343
293154
292965
292797
292446
292366
292321
292021
291489
291454
290994
290691
289792
288447
288153
287032
287026
287025
286997
285661
283897
283754
281094
281007
280603
280410
276638
276239
266117
263738
263711
263478
260770
258775
255665
255216
254295
250861
250518
250137
249158
249150
249072
248423
248062
247133
245585
243694
243478
242759
242749
242735
241658
242030
241810
241669
239804
239518
239141
238719
237714
236584
236135
233278
232688
232533
232471
232467
232404
231862
231602
231327
231295
231292
228998
228562
227586
227335
227214
227063
226190
226189
224569
224119
224117
223683
223502
223486
223237
222791
222732
222470
222046
221921
221616
221575
221457
221382
221250
221051
220958
220869
220756
220153
219763
219743
219471
218776
218467
218101
217992
217657
217645
217501
217084
216905
216237
216180
214289
214095
213832
213810
213521
213421
213198
213162
213066
213034
213032
213030
212250
212416
210240
210164
209923
209343
168125
207399
184917
104991
360796
358871
350499
350438
349771
349710
349678
349642
349420
348654
348529
348480
348115
347580
347416
347317
346926
346678
341731
340262
340791
340790
340772
340628
340593
340517
340416
340091
340071
339930
339702
338734
338326
338190
338162
337425
337147
337102
337133
336966
336840
336670
333103
331005
316062
313753
313491
313485
313478
313474
313396
312351
311849
311505
310816
309776
295397
300953
299951
292315
292429
289234
286313
283646
279751
279634
279405
279385
278337
277634
276696
276495
267120
266874
266372
266256
265131
264149
264626
264493
264427
263976
258098
262537
261519
261600
260711
260014
258905
259150
258998
258213
258049
257840
252913
256630
256107
256006
255934
255802
254648
254395
253912
253295
253146
253073
253000
252948
252826
252537
252339
252165
250073
252037
251661
250714
250614
250060
249344
249014
248391
247996
247549
246427
247006
246562
243041
246543
246495
246204
246207
245947
244540
244440
244439
244367
244252
243632
243692
243292
243170
242983
242982
242628
240096
238708
238702
238564
237186
237131
236986
235031
234762
234217
232780
229625
229499
228617
228601
228580
227877
226264
224837
224185
223824
223660
222115
220019
219839
214508
216954
216435
215588
214913
212781
211745
208124
209247
207553
207548
205124
203076
202558
191938
189955
190214
188874
188254
183871
181018
179808
179804
179013
178254
173091
172760
171400
170400
168146
166628
163422
163352
163349
161560
161434
161431
161256
161252
160789
160779
160769
156165
158524
158449
158213
158145
158122
158038
157730
153660
147295
146908
146702
143148
142707
136353
124304
124305
132878
126361
124595
125312
125039
124418
124569
124333
124301
124166
124107
123582
123339
122884
122786
122613
122504
122507
121286
121245
121230
121222
120725
120630
120408
120378
119804
119295
119222
119060
118916
118066
118679
118436
118360
117374
117162
117160
116809
114691
115828
116188
116152
116059
116066
116017
115707
115148
114885
114695
114619
114350
114321
113901
113777
113745
113758
113707
113654
113638
113623
113178
111889
111779
111678
111610
111105
110972
110867
110529
110346
110182
110122
110002
109868
109824
109486
109514
108971
108290
108181
107954
107206
106547
106301
105435
105426
104993
104983
104611
104524
104470
104287
104236
104234
104229
104227
104224
104219
102946
103966
103858
103748
103721
103423
103489
103385
103267
103295
102832
102322
102165
102011
101524
100890
100760
100385
100244
100251
100247
100155
99721
98748
98709
98596
98564
91038
97441
95822
95482
95537
95149
94066
94825
94805
94470
94440
94428
94117
93948
91027
92502
92501
92516
92508
92505
93238
93249
93161
93147
93092
93066
92458
92026
91744
91633
90213
90194
50317
89633
89202
88373
88287
88170
87789
87788
86704
86553
86482
85910
85761
80543
85354
85288
85166
84873
84871
84658
84437
84438
84326
84184
84167
83809
83789
83481
83300
83252
83095
81421
81532
80422
80410
80280
80025
79974
79811
79193
79686
79683
79028
78670
78719
78663
78200
78041
78034
77908
77330
77324
77292
76737
76681
76429
76402
76249
75885
75812
75253
73987
73682
73588
72720
72660
48268
69563
69405
66953
66370
65825
65639
62256
61385
60917
60899
59530
58129
57251
55643
55602
55395
55046
54876
54828
54831
50574
54202
53195
52935
52752
52709
51481
51834
51685
51666
51423
51307
51270
50956
50226
47281
49232
47177
47059
46622
46046
45349
45153
45150
45018
44336
42244
42156
40088
39593
39543
39496
39475
39472
39457
39452
39449
39424
38597
38574
38519
38484
36981
36877
36873
35656
35288
34361
30932
30781
30139
30780
30091
28489
14439
27521
27520
27254
27234
25380
23269
21823
21110
19709
19454
18953
18669
18526
14658
14192
14016
349827
349630
349916
351389
349408
348407
343898
340572
333873
328876
328448
323389
324297
320292
316922
309254
309051
308418
307401
305769
305145
303587
302002
300862
301573
300991
300428
297298
286976
285156
281842
279224
277586
275695
272042
271551
263782
242021
234485
229392
229637
228423
227205
226295
204218
217960
215505
212138
211551
211385
210129
197350
198837
200511
197331
196776
196731
184674
184429
184300
183987
184110
184175
184894
184762
184591
184196
184203
184537
184407
184522
184202
184201
184186
184571
184567
184566
188872
185493
185370
183746
182451
179107
177675
174224
173163
171376
171293
171175
152735
170368
170195
166963
166254
165966
165964
165878
164799
164732
164465
162374
147083
147124
146687
146126
144680
135559
134634
134512
133527
132403
131368
130489
129280
125683
124594
124432
121990
120231
121223
119149
116591
116589
116577
116572
116714
113607
113380
111883
109259
105122
104472
103889
101595
98705
98603
98379
97426
95685
83221
80162
78987
77850
75204
72440
70526
70039
60581
55891
54895
52964
52181
51953
48824
43341
42830
40314
34446
34443
32431
32421
27207
26158
16258
