D:\works\Yolo/custom_dataset/train/image0.jpg 33,66,64,102,0 73,52,88,65,1 59,54,71,71,2 127,58,146,75,2 148,64,159,75,1 114,73,135,100,3 88,52,126,96,4 63,70,83,97,3 129,43,154,55,3
D:\works\Yolo/custom_dataset/train/image1.jpg 25,16,86,60,4 104,39,154,82,4 45,92,96,126,4 129,63,151,81,1 82,123,97,134,5 34,95,44,106,5 67,127,93,149,3
D:\works\Yolo/custom_dataset/train/image10.jpg 75,129,112,157,1 116,2,147,21,1 76,88,112,119,6 111,76,148,98,6 77,112,112,135,2 103,90,115,100,2 146,16,167,35,2 108,90,168,156,4 79,17,151,49,4 91,139,162,174,7
D:\works\Yolo/custom_dataset/train/image100.jpg 89,35,124,77,2 96,121,126,146,5 52,34,91,84,6 133,32,217,144,4
D:\works\Yolo/custom_dataset/train/image101.jpg 139,31,222,114,7 128,127,149,149,5
D:\works\Yolo/custom_dataset/train/image102.jpg 35,48,65,71,6 41,96,68,119,2 126,112,145,124,2 244,109,255,119,2 252,94,275,123,6 262,122,275,143,6 140,87,166,123,6 149,115,176,136,1 107,134,181,169,4 210,43,241,76,4 85,40,134,96,4 218,5,231,15,5 220,15,236,25,5
D:\works\Yolo/custom_dataset/train/image103.jpg 102,36,152,74,1 192,86,247,123,2 205,68,241,91,6 144,7,216,63,3 65,70,187,164,7
D:\works\Yolo/custom_dataset/train/image104.jpg 23,54,96,111,1 151,24,210,70,6 172,73,240,133,6 129,46,167,78,4 28,97,110,139,4 111,81,160,117,4 133,93,172,126,4 136,123,168,150,4 160,103,195,142,4
D:\works\Yolo/custom_dataset/train/image105.jpg 33,20,101,106,4 137,5,238,115,3 116,94,184,171,6 177,116,237,168,2
D:\works\Yolo/custom_dataset/train/image106.jpg 99,12,142,62,2 71,52,122,115,1 23,97,108,177,3 39,116,75,150,5 80,28,193,176,4
D:\works\Yolo/custom_dataset/train/image107.jpg 110,15,168,90,3 99,67,143,102,1 46,78,165,140,4
D:\works\Yolo/custom_dataset/train/image108.jpg 63,19,103,66,1 93,28,133,66,1 21,50,50,73,6 32,82,66,113,6 69,66,122,115,6 62,91,97,131,6 28,73,48,95,5 49,46,63,64,5 94,60,121,79,5 88,118,108,139,5 10,106,39,143,2 80,49,168,185,4
D:\works\Yolo/custom_dataset/train/image109.jpg 109,50,143,116,1 24,92,58,109,1 175,48,236,111,2 39,121,74,154,2 224,38,276,67,5 76,140,88,172,5 1,102,80,146,4 134,19,217,169,4
D:\works\Yolo/custom_dataset/train/image11.jpg 99,11,142,63,2 71,53,122,113,1 39,116,76,149,5 21,94,107,177,3 80,27,194,176,4
D:\works\Yolo/custom_dataset/train/image110.jpg 34,34,89,76,2 20,75,96,181,3 179,73,224,150,4 141,111,188,176,4 72,93,148,181,4 197,138,233,173,4 222,85,241,143,4 84,32,143,106,6
D:\works\Yolo/custom_dataset/train/image111.jpg 36,57,54,73,1 142,75,163,91,1 234,117,253,137,1 92,137,106,158,1 104,108,136,135,6 7,57,21,74,6 132,88,163,121,7 205,97,233,134,4 57,148,87,173,4 142,130,178,168,3 75,1,117,13,3
D:\works\Yolo/custom_dataset/train/image112.jpg 154,57,198,100,1 126,118,188,220,4
D:\works\Yolo/custom_dataset/train/image115.jpg 37,104,95,166,6 35,150,62,199,2 77,43,130,70,4 123,44,147,96,4 69,115,182,199,3
D:\works\Yolo/custom_dataset/train/image116.jpg 87,116,220,171,4 208,110,235,137,6
D:\works\Yolo/custom_dataset/train/image117.jpg 156,39,224,94,4 96,75,135,127,4 71,119,88,138,1 130,103,145,117,1 123,113,139,129,5 84,77,101,94,5 63,111,76,124,5 175,159,184,173,5 163,120,222,182,4 68,82,82,101,6 67,137,83,155,6 213,51,229,72,6 160,149,176,171,6 185,42,202,57,1 117,129,136,146,6
D:\works\Yolo/custom_dataset/train/image118.jpg 53,48,86,84,1 8,57,51,82,4
D:\works\Yolo/custom_dataset/train/image119.jpg 45,256,159,420,6 357,135,399,194,6 70,53,129,89,6 364,242,399,289,6 1,1,67,43,6 227,195,375,301,4 40,111,181,202,7 262,1,411,79,8
D:\works\Yolo/custom_dataset/train/image12.jpg 151,167,173,182,1 186,134,202,150,1 161,137,190,155,6 121,172,156,194,6 147,138,167,153,2 102,173,130,193,2 68,140,142,165,4 110,114,175,137,4
D:\works\Yolo/custom_dataset/train/image120.jpg 128,153,152,172,1 234,90,254,118,1 108,32,129,58,1 27,65,49,96,1 133,108,175,163,8 177,80,197,107,5 126,94,159,113,5 164,55,183,81,5 88,89,100,111,5 117,41,167,84,4 192,68,245,114,4 95,132,110,153,6 71,62,88,74,6 36,52,53,70,2 118,14,142,42,2 220,110,246,138,2 112,153,130,171,2
D:\works\Yolo/custom_dataset/train/image125.jpg 52,36,81,59,1 236,75,266,99,1 94,147,125,159,1 33,16,66,42,5 68,16,95,39,3 224,101,259,128,3 69,110,107,144,3 34,55,74,81,6 102,89,164,159,4
D:\works\Yolo/custom_dataset/train/image126.jpg 52,60,178,138,4 170,65,211,105,6 110,25,156,69,6 1,1,39,42,6
D:\works\Yolo/custom_dataset/train/image127.jpg 49,21,88,59,1 158,55,205,77,1 97,97,127,134,1 36,127,79,159,1 201,126,246,155,1 170,149,203,189,1 135,121,171,156,6 182,12,222,53,6 201,74,250,108,6 115,119,149,157,0 164,30,206,58,8 152,159,185,192,4 19,153,88,190,4 60,42,97,81,7
D:\works\Yolo/custom_dataset/train/image128.jpg 68,64,122,149,7 31,3,58,28,1 163,10,185,38,1 186,108,212,132,1 7,115,39,139,1 110,75,134,103,1 260,69,276,89,1 134,55,162,81,5 275,74,292,102,5 197,78,212,103,5 90,49,122,76,6 177,80,204,110,6 247,74,283,112,6 200,1,213,12,6 6,136,41,160,6 19,1,43,19,6 127,108,210,170,4 1,6,43,87,4 185,1,256,65,4 12,148,78,170,0 112,38,142,72,2 33,23,63,58,2 146,4,170,29,2
D:\works\Yolo/custom_dataset/train/image129.jpg 58,41,79,68,1 208,70,227,99,1 76,41,119,96,4 67,112,93,149,7 223,65,243,77,5
D:\works\Yolo/custom_dataset/train/image13.jpg 92,25,120,51,1 85,125,118,155,1 155,20,183,42,1 19,121,119,188,0 26,8,67,30,6 199,164,218,187,2 220,164,238,181,2 44,34,114,82,7 163,20,243,88,4 130,107,226,184,3
D:\works\Yolo/custom_dataset/train/image130.jpg 53,40,134,117,7 53,22,109,54,5 89,109,120,140,1 186,106,209,130,1 227,93,238,113,1 254,161,276,176,1 30,97,68,151,6 236,83,262,112,6 140,129,213,169,4 232,139,284,163,4 60,104,88,150,2
D:\works\Yolo/custom_dataset/train/image131.jpg 167,35,190,52,1 91,86,109,109,1 122,150,147,168,1 49,6,68,30,1 215,74,237,91,1 240,140,265,158,1 266,1,288,13,1 190,49,235,83,7 31,88,53,107,2 70,146,90,170,2 111,30,137,51,2 155,72,172,94,2 212,1,234,15,2 92,17,131,40,6 13,75,45,102,6 51,129,92,158,6 172,119,205,144,6 153,81,216,108,3 177,146,228,170,3 84,154,124,170,3 17,100,87,128,3 100,39,169,68,3 202,5,269,30,3 137,66,159,87,6
D:\works\Yolo/custom_dataset/train/image132.jpg 35,45,55,68,1 48,92,80,109,1 87,4,110,20,1 121,137,149,161,1 119,6,179,79,8 143,126,204,167,0 76,100,103,130,2 141,151,185,179,2 1,45,52,80,4 115,39,154,58,2 117,7,136,18,2
D:\works\Yolo/custom_dataset/train/image133.jpg 125,76,163,109,1 207,6,242,30,1 117,103,143,130,6 198,28,220,55,6 137,97,198,161,6 85,113,134,154,2 173,45,222,84,2 82,53,106,76,5
D:\works\Yolo/custom_dataset/train/image134.jpg 128,83,156,111,1 239,142,265,162,1 11,62,38,83,1 45,33,77,56,2 103,15,137,45,2 114,139,146,163,2 189,132,246,183,4 84,93,153,146,4
D:\works\Yolo/custom_dataset/train/image135.jpg 26,56,95,110,1 150,20,239,131,6
D:\works\Yolo/custom_dataset/train/image136.jpg 35,19,56,42,1 156,32,179,51,1 66,115,89,132,1 172,152,192,173,1 54,26,79,49,6 150,50,172,69,6 88,116,107,136,6 161,141,181,164,6 104,114,131,157,8 151,111,184,134,8 109,60,158,100,4
D:\works\Yolo/custom_dataset/train/image137.jpg 92,12,136,60,1 200,22,267,70,1 216,1,279,28,2 50,54,95,96,2 66,28,94,56,5 19,88,169,164,4
D:\works\Yolo/custom_dataset/train/image138.jpg 99,33,133,56,1 205,102,236,128,1 67,111,97,139,1 67,36,100,56,5 29,123,68,141,5 226,93,272,110,5 236,108,273,130,2 66,26,98,41,2 28,107,71,127,2 61,84,96,110,3 94,10,131,34,3 206,126,239,156,3
D:\works\Yolo/custom_dataset/train/image139.jpg 57,146,146,225,2 148,1,193,46,1
D:\works\Yolo/custom_dataset/train/image14.jpg 100,33,132,56,1 205,102,235,126,1 66,111,97,138,1 27,106,71,126,2 235,108,272,130,2 205,126,239,157,3 94,6,131,41,3 61,83,96,111,3 129,8,180,75,7 29,138,71,160,3 69,55,103,75,3 232,82,262,98,3 67,40,101,56,5 228,94,266,109,5 32,124,66,141,5
D:\works\Yolo/custom_dataset/train/image140.jpg 74,85,93,104,1 161,143,183,169,1 25,174,53,201,1 91,43,122,58,6 53,116,94,138,6 169,91,202,114,6 91,106,132,141,3 123,36,152,62,3 206,86,248,120,3 40,167,103,186,8 51,147,87,169,2 219,118,250,143,2 137,63,161,88,2 166,119,238,166,4
D:\works\Yolo/custom_dataset/train/image141.jpg 121,99,210,166,1 1,32,140,194,4 92,9,171,60,2 108,43,190,103,6
D:\works\Yolo/custom_dataset/train/image142.jpg 86,25,225,153,3 1,152,221,222,4
D:\works\Yolo/custom_dataset/train/image143.jpg 35,7,64,27,1 106,55,128,76,1 84,133,166,199,4 53,24,74,45,6 118,72,139,91,6 167,82,192,115,6 36,36,62,68,2 114,86,150,118,2 177,108,231,134,1 4,21,21,36,5 68,71,84,89,5
D:\works\Yolo/custom_dataset/train/image144.jpg 149,114,175,135,1 35,48,65,72,6 138,87,167,121,6 251,92,274,121,6
D:\works\Yolo/custom_dataset/train/image145.jpg 83,126,121,154,1 13,76,46,95,1 80,33,108,56,1 172,2,199,20,1 121,26,204,104,8 125,124,188,179,0 31,90,72,123,2 96,149,144,189,2 211,1,225,15,2 36,24,80,59,4
D:\works\Yolo/custom_dataset/train/image146.jpg 91,20,115,46,1 212,18,243,40,1 82,108,115,128,1 211,106,241,130,1 21,16,57,46,6 146,24,184,54,6 141,105,166,137,6 19,110,50,130,6 27,126,54,146,5 144,151,175,176,5 152,53,179,72,5 22,44,57,60,5 26,55,54,84,2 165,62,191,85,2 153,132,177,152,2 5,146,49,183,2 55,17,92,54,3 178,20,213,55,3 168,104,214,142,3 54,126,112,172,8
D:\works\Yolo/custom_dataset/train/image147.jpg 88,112,148,148,4 164,111,215,152,4 196,3,225,31,4 140,14,189,39,4 87,10,134,38,4 21,6,75,34,4 22,111,83,147,4 98,174,131,195,2 31,173,65,203,2
D:\works\Yolo/custom_dataset/train/image148.jpg 92,58,143,89,1 232,79,270,102,1 188,1,232,39,1 96,1,131,31,1 21,63,59,93,6 193,103,214,127,6 266,16,290,39,6 183,34,290,81,4 34,77,143,143,4 205,97,292,159,7
D:\works\Yolo/custom_dataset/train/image149.jpg 79,50,99,66,1 81,18,100,31,1 52,64,75,89,6 56,30,78,50,6
D:\works\Yolo/custom_dataset/train/image15.jpg 197,37,261,93,8 215,87,250,113,2 263,92,282,122,5 60,73,103,107,1 102,75,132,109,2 41,38,131,82,7 184,29,209,48,1
D:\works\Yolo/custom_dataset/train/image150.jpg 59,66,78,81,1 51,51,72,67,4
D:\works\Yolo/custom_dataset/train/image151.jpg 38,168,62,195,6 113,101,146,130,6 161,137,181,154,6 32,79,83,132,4 139,78,190,129,4 75,154,142,205,7
D:\works\Yolo/custom_dataset/train/image152.jpg 70,125,135,174,1 46,14,108,78,6 36,103,91,136,2
D:\works\Yolo/custom_dataset/train/image153.jpg 101,1,123,19,1 195,46,215,71,1 80,81,108,105,1 174,128,213,165,1 1,86,17,109,1 13,84,54,129,4 14,111,27,128,5 100,90,113,104,5 169,38,187,50,5 112,49,125,62,5 177,128,191,138,5 183,105,206,129,2 180,62,201,84,2 116,20,134,40,2 164,63,184,88,6 105,72,127,98,2
D:\works\Yolo/custom_dataset/train/image154.jpg 29,25,207,193,7 173,1,247,69,5 52,1,183,25,6
D:\works\Yolo/custom_dataset/train/image155.jpg 23,11,47,37,2 125,122,148,154,2 246,7,265,39,2 228,34,252,60,1 216,133,241,158,1 104,143,129,168,1 1,22,23,52,1 9,37,35,70,6 125,153,146,168,6 245,49,276,71,6 147,109,189,168,7 34,15,80,67,4 262,11,299,68,4
D:\works\Yolo/custom_dataset/train/image156.jpg 132,147,175,183,1 59,131,134,165,3 96,116,167,155,4
D:\works\Yolo/custom_dataset/train/image157.jpg 1,57,149,173,8 32,91,66,125,1 218,86,264,110,1 77,1,108,16,1 81,51,116,82,6 115,29,146,57,6 181,38,208,60,6 178,71,214,104,2 1,93,39,136,2 205,30,275,87,4
D:\works\Yolo/custom_dataset/train/image158.jpg 15,132,62,173,1 180,119,221,165,1 89,1,125,12,1 125,58,204,133,4 3,157,102,194,4 17,1,58,80,3
D:\works\Yolo/custom_dataset/train/image159.jpg 62,25,124,87,4 200,55,228,87,1 103,27,132,59,1 136,107,173,137,6
D:\works\Yolo/custom_dataset/train/image16.jpg 32,103,105,160,1 202,77,238,96,5 189,56,220,83,5 179,83,245,116,5
D:\works\Yolo/custom_dataset/train/image160.jpg 167,51,206,102,1 217,108,255,155,1 153,98,199,146,2 220,70,265,113,2 82,53,156,156,4 231,86,274,183,7
D:\works\Yolo/custom_dataset/train/image161.jpg 8,25,42,50,1 17,140,47,158,1 140,141,166,158,1 169,117,190,131,1 201,72,232,93,1 63,35,99,61,2 137,51,165,76,2 71,145,107,163,2 203,150,230,170,2 177,154,216,189,6 64,55,107,75,6 77,159,115,175,6 5,41,61,89,4 173,49,223,85,8 130,150,178,189,7 15,156,68,194,4
D:\works\Yolo/custom_dataset/train/image162.jpg 129,66,206,145,4 131,120,165,166,1 94,28,139,65,2
D:\works\Yolo/custom_dataset/train/image163.jpg 77,75,135,114,5 116,54,151,80,5 129,30,193,69,4 94,37,128,68,2
D:\works\Yolo/custom_dataset/train/image164.jpg 154,85,175,99,1 172,130,191,145,1 37,63,58,81,1 18,146,36,164,1 19,143,68,187,8 64,148,90,170,2 80,66,96,80,2 127,78,146,95,2 144,126,157,140,2 164,107,187,137,7 77,78,104,98,6 61,166,91,191,6
D:\works\Yolo/custom_dataset/train/image165.jpg 124,18,220,145,4
D:\works\Yolo/custom_dataset/train/image166.jpg 68,102,217,168,0
D:\works\Yolo/custom_dataset/train/image167.jpg 17,11,87,76,5 1,153,40,217,5 95,53,158,115,6 58,167,125,222,6 47,79,138,151,4 36,203,119,263,4
D:\works\Yolo/custom_dataset/train/image168.jpg 128,115,162,153,1 174,47,206,76,1 87,19,114,55,1 56,20,132,95,1 94,127,198,183,7 148,84,190,133,6 184,49,236,93,6
D:\works\Yolo/custom_dataset/train/image169.jpg 28,42,76,79,1 52,69,94,112,6 70,68,141,170,4 20,97,55,163,3
D:\works\Yolo/custom_dataset/train/image17.jpg 29,31,67,56,2 168,4,193,24,2 99,88,127,116,2 147,5,172,25,1 24,48,48,74,1 49,49,72,73,1 74,95,104,130,1 133,133,203,173,3 216,40,244,60,3 69,40,131,70,3
D:\works\Yolo/custom_dataset/train/image170.jpg 1,102,167,224,4 93,161,169,216,1 175,41,214,72,1 77,1,114,16,1 1,47,21,78,1 12,34,92,60,0 65,103,132,129,2 182,72,225,117,2 121,4,150,26,2 15,53,76,85,2
D:\works\Yolo/custom_dataset/train/image171.jpg 43,119,72,155,1 128,156,160,191,1 170,20,207,45,1 147,73,226,141,4 51,65,107,145,4 156,41,192,64,2 130,116,160,144,2 30,90,53,134,2 34,34,73,75,3 88,20,126,62,3 115,126,149,165,3
D:\works\Yolo/custom_dataset/train/image172.jpg 80,118,119,184,1 27,39,62,77,1 137,36,177,72,1 113,86,155,139,2 53,19,76,61,2 174,39,214,71,2 34,20,97,99,4 52,40,147,188,4 143,67,200,135,6 197,27,225,82,6 6,17,39,70,6
D:\works\Yolo/custom_dataset/train/image173.jpg 146,31,235,111,6 62,7,157,120,4
D:\works\Yolo/custom_dataset/train/image174.jpg 115,48,145,76,1 39,1,65,23,1 11,129,41,159,1 266,19,291,46,1 184,106,256,168,7 86,76,127,127,6 1,100,25,130,6 21,13,51,58,6 250,138,289,168,6 269,44,299,75,6 144,47,176,76,2 292,28,299,45,2 220,6,265,72,4 172,37,208,88,3
D:\works\Yolo/custom_dataset/train/image175.jpg 166,30,243,66,4 40,89,92,140,8 84,84,112,106,1 224,66,249,87,1 43,138,65,167,2 155,59,178,86,2 192,80,218,96,5 87,126,104,148,5 61,150,119,176,3 209,82,251,136,3
D:\works\Yolo/custom_dataset/train/image176.jpg 61,54,86,74,1 22,89,50,114,1 105,32,209,153,4 1,112,84,160,4 39,36,64,66,6 49,105,82,129,6 102,62,125,86,6 256,56,310,104,4
D:\works\Yolo/custom_dataset/train/image177.jpg 89,53,111,78,1 154,58,210,91,1 201,106,226,127,1 57,122,78,153,1 169,103,201,122,2
D:\works\Yolo/custom_dataset/train/image178.jpg 64,60,91,86,1 8,71,92,140,1 92,67,147,98,3 10,69,51,87,2
D:\works\Yolo/custom_dataset/train/image179.jpg 125,47,162,99,1 98,9,158,65,6 77,49,177,154,4
D:\works\Yolo/custom_dataset/train/image18.jpg 90,67,241,142,4 213,95,259,123,1 122,44,200,82,6 33,50,48,66,5 2,70,18,89,5 16,81,33,95,5 78,58,124,91,2
D:\works\Yolo/custom_dataset/train/image180.jpg 161,19,267,176,4 263,87,286,143,1 226,57,261,87,5 137,1,277,55,6
D:\works\Yolo/custom_dataset/train/image181.jpg 122,116,147,147,1 169,142,190,165,1 93,87,140,154,7 159,118,179,145,2 107,139,134,167,2 176,92,244,175,4 230,129,247,152,5
D:\works\Yolo/custom_dataset/train/image182.jpg 54,23,110,52,5 89,108,121,143,1 186,106,211,130,1 255,159,276,175,1 225,93,238,112,1 52,40,135,115,7 232,136,284,162,4 140,131,212,170,4 31,95,69,151,6 237,84,262,112,6 60,103,89,149,2
D:\works\Yolo/custom_dataset/train/image183.jpg 111,18,158,72,1 147,55,246,109,6 44,55,203,123,4 70,20,113,61,2 157,29,236,62,3
D:\works\Yolo/custom_dataset/train/image184.jpg 8,47,33,71,1 8,61,34,83,5
D:\works\Yolo/custom_dataset/train/image187.jpg 107,80,145,100,1 194,122,241,146,1 183,67,220,124,4 212,54,233,72,6 90,88,109,100,6 9,27,42,48,6
D:\works\Yolo/custom_dataset/train/image188.jpg 194,102,233,134,1 35,121,69,147,5 153,45,176,88,3 233,61,275,125,6 21,48,87,101,4
D:\works\Yolo/custom_dataset/train/image189.jpg 33,43,80,94,2 155,71,206,109,2 133,97,206,156,1 29,76,167,171,4
D:\works\Yolo/custom_dataset/train/image19.jpg 79,32,133,52,0 151,52,227,82,0 154,43,182,61,0 34,88,64,120,3 191,138,212,172,2 162,106,207,138,4 39,143,73,176,3
D:\works\Yolo/custom_dataset/train/image190.jpg 84,59,124,101,6 152,29,189,74,6 50,34,93,80,5 186,4,209,28,5 1,66,49,157,4 205,16,275,85,7
D:\works\Yolo/custom_dataset/train/image191.jpg 63,65,99,79,5 95,193,170,221,5 36,81,76,107,1 121,120,188,156,6 79,41,111,65,6 63,143,126,205,4
D:\works\Yolo/custom_dataset/train/image192.jpg 41,121,136,159,4
D:\works\Yolo/custom_dataset/train/image193.jpg 29,19,111,109,4 120,40,152,78,1 96,59,129,93,2 155,76,229,114,3
D:\works\Yolo/custom_dataset/train/image194.jpg 70,96,104,135,1 128,126,166,171,1 74,1,117,27,1 205,15,225,54,1 158,115,214,175,6 135,17,189,86,6 64,32,122,81,6 1,102,49,177,6 1,163,108,207,4 5,1,72,75,4 160,102,186,114,5
D:\works\Yolo/custom_dataset/train/image195.jpg 31,56,45,80,1 119,110,136,128,1 167,10,186,27,1 127,144,148,159,1 67,135,82,151,1 60,24,105,53,6 204,45,231,79,6 166,110,204,139,6 69,149,106,185,6 120,60,153,86,6 38,115,69,185,0 43,47,85,98,4 25,124,41,140,5 127,98,137,111,5 144,171,167,182,5 49,48,68,65,5
D:\works\Yolo/custom_dataset/train/image196.jpg 75,53,107,92,6 217,22,250,52,6 170,113,215,143,6 203,19,222,88,5 27,31,57,62,5 55,28,87,62,1 246,110,276,143,1
D:\works\Yolo/custom_dataset/train/image197.jpg 30,29,124,189,0 103,115,201,204,6
D:\works\Yolo/custom_dataset/train/image199.jpg 71,82,106,106,1 145,44,180,65,1 138,69,192,110,6 196,35,246,73,6
D:\works\Yolo/custom_dataset/train/image2.jpg 48,67,123,125,4 89,92,126,122,1 1,1,63,49,4 95,1,155,25,4
D:\works\Yolo/custom_dataset/train/image20.jpg 21,63,60,86,1 81,83,117,111,1 152,47,190,70,1 195,106,230,142,1 135,46,154,65,5 135,86,154,103,5 212,79,235,97,5 53,99,93,164,3 112,17,166,56,3 42,40,90,74,3 217,118,255,179,3 197,88,227,111,3 3,116,28,167,3 71,134,177,189,7
D:\works\Yolo/custom_dataset/train/image203.jpg 80,29,107,61,5 107,23,144,60,1 8,61,80,132,3
D:\works\Yolo/custom_dataset/train/image204.jpg 120,61,139,74,1 153,18,171,36,1 19,58,32,75,1 46,145,64,165,1 190,122,212,140,1 154,32,202,76,4 155,124,189,167,4 31,35,53,55,2 119,88,137,106,2 169,154,187,173,2 52,167,71,185,2 184,170,200,185,5 137,80,150,105,5 201,22,214,44,5 50,17,63,39,5
D:\works\Yolo/custom_dataset/train/image205.jpg 161,98,191,125,1 60,129,87,163,1 55,65,80,91,6 138,140,174,171,6 104,52,171,138,4 83,53,111,79,5 150,116,178,145,5 42,115,72,142,5
D:\works\Yolo/custom_dataset/train/image206.jpg 127,25,161,64,1 141,112,173,158,2
D:\works\Yolo/custom_dataset/train/image207.jpg 189,93,206,118,1 245,153,263,176,1 144,109,199,151,1 20,23,44,47,1 1,54,50,92,1 152,9,189,59,8 36,12,127,81,4 205,93,258,131,4
D:\works\Yolo/custom_dataset/train/image208.jpg 15,59,160,171,8 90,114,137,153,1 1,2,35,34,1 62,70,132,99,2
D:\works\Yolo/custom_dataset/train/image209.jpg 136,15,188,54,1 135,48,223,120,2
D:\works\Yolo/custom_dataset/train/image21.jpg 146,95,172,119,2
D:\works\Yolo/custom_dataset/train/image210.jpg 116,98,150,125,2 105,124,140,172,1 130,112,239,179,7 208,111,255,184,5
D:\works\Yolo/custom_dataset/train/image211.jpg 92,149,163,206,1 1,77,101,143,6 156,141,208,200,2 48,43,197,184,4 1,137,49,191,3
D:\works\Yolo/custom_dataset/train/image212.jpg 6,24,75,108,6 61,60,138,119,2
D:\works\Yolo/custom_dataset/train/image213.jpg 17,78,65,112,6 136,100,156,120,5 50,33,119,68,4
D:\works\Yolo/custom_dataset/train/image214.jpg 88,47,155,80,8 27,60,63,86,8
D:\works\Yolo/custom_dataset/train/image216.jpg 20,86,94,136,4 15,15,66,53,6
D:\works\Yolo/custom_dataset/train/image218.jpg 13,26,91,54,0 53,47,75,72,1
D:\works\Yolo/custom_dataset/train/image219.jpg 12,36,89,76,0
D:\works\Yolo/custom_dataset/train/image22.jpg 130,115,175,154,1 89,116,129,151,2 42,106,106,153,3 100,60,183,125,4
D:\works\Yolo/custom_dataset/train/image220.jpg 34,17,52,30,1 19,44,36,57,2
D:\works\Yolo/custom_dataset/train/image221.jpg 94,41,134,117,0 38,86,86,139,1 1,25,37,68,5 15,39,80,78,6 32,12,71,44,2
D:\works\Yolo/custom_dataset/train/image222.jpg 141,91,170,125,6 38,138,68,163,6 58,130,72,153,2 148,40,164,63,1 203,60,223,80,1 258,126,280,144,1 192,144,213,162,1 192,135,207,145,5 77,124,88,135,5 111,107,126,121,5 98,98,117,115,1 267,144,280,156,5 256,117,268,125,5 234,5,266,55,6 137,31,152,54,2 118,1,134,11,5 211,93,230,125,2 70,40,90,63,2 79,121,121,156,0 228,113,262,158,7 106,28,143,73,4 188,37,213,70,4 156,120,191,161,7
D:\works\Yolo/custom_dataset/train/image225.jpg 14,42,48,74,6 32,31,64,50,5 190,68,225,102,6 39,32,137,75,0 126,55,225,92,0 153,100,207,121,2
D:\works\Yolo/custom_dataset/train/image226.jpg 96,28,144,125,7 1,54,82,81,6 45,86,87,140,1 1,20,47,61,5
D:\works\Yolo/custom_dataset/train/image227.jpg 27,122,72,173,6 26,154,41,171,5 38,26,70,66,1 97,136,132,178,2 57,63,166,143,0
D:\works\Yolo/custom_dataset/train/image228.jpg 109,90,147,118,1 34,62,125,106,3 124,69,157,89,5 75,106,96,125,2 125,92,196,144,0 42,113,81,150,6
D:\works\Yolo/custom_dataset/train/image229.jpg 37,148,66,170,6 11,156,100,192,0 109,140,196,216,0
D:\works\Yolo/custom_dataset/train/image23.jpg 53,58,177,137,4 1,1,37,43,6 114,24,154,44,6 108,53,137,70,6 77,29,96,47,6 168,80,193,105,6 190,61,209,88,6 64,38,105,63,2
D:\works\Yolo/custom_dataset/train/image230.jpg 137,144,198,182,3 14,96,57,133,7 68,82,103,133,7 116,53,143,131,7 57,2,116,57,3 130,1,187,52,3 166,64,187,132,0 210,74,245,141,4 75,62,93,82,1 136,91,159,113,1 182,109,207,137,1 240,110,259,135,1
D:\works\Yolo/custom_dataset/train/image231.jpg 61,69,135,146,4 3,96,37,138,5 1,52,16,97,6 109,27,165,78,6 163,31,194,73,5 215,105,256,155,5
D:\works\Yolo/custom_dataset/train/image232.jpg 60,96,87,131,1 63,76,100,106,6 92,84,165,136,4 99,79,128,97,2 109,38,135,68,1 121,18,153,43,6 166,89,208,113,3 125,37,144,56,2
D:\works\Yolo/custom_dataset/train/image233.jpg 50,88,100,145,4 80,99,125,155,8 248,110,275,139,2 52,54,78,83,2
D:\works\Yolo/custom_dataset/train/image234.jpg 64,55,202,124,0 91,40,132,70,1 130,41,172,79,2 122,123,168,155,5
D:\works\Yolo/custom_dataset/train/image235.jpg 16,93,72,161,6 39,1,110,43,6 40,152,181,224,4 170,27,225,80,1 136,122,176,174,1 177,153,205,203,1 115,6,168,50,5 80,108,133,160,5 31,30,208,108,0
D:\works\Yolo/custom_dataset/train/image236.jpg 79,113,111,162,1 156,17,219,89,3 49,64,93,143,0 79,14,151,69,0 118,78,148,98,5
D:\works\Yolo/custom_dataset/train/image237.jpg 24,32,48,57,6 45,20,68,44,5 119,50,143,80,6
D:\works\Yolo/custom_dataset/train/image238.jpg 94,181,129,217,5 32,128,76,152,1 75,107,111,132,2 106,159,185,223,3 115,105,199,180,0
D:\works\Yolo/custom_dataset/train/image239.jpg 89,91,119,111,1 92,99,176,140,0 92,74,129,90,5 155,52,179,66,2
D:\works\Yolo/custom_dataset/train/image240.jpg 57,146,77,177,5 87,158,141,187,5 99,102,146,149,5 88,97,205,167,3 37,41,119,80,1 48,2,140,45,4
D:\works\Yolo/custom_dataset/train/image241.jpg 43,100,213,149,0 121,91,179,117,6 128,64,176,93,1
D:\works\Yolo/custom_dataset/train/image242.jpg 143,127,224,216,1 34,64,194,223,0 1,94,52,154,6
D:\works\Yolo/custom_dataset/train/image243.jpg 52,24,219,152,0 15,46,57,84,2
D:\works\Yolo/custom_dataset/train/image244.jpg 134,10,207,147,0 87,94,141,132,6 74,57,132,81,6 70,42,95,58,1
D:\works\Yolo/custom_dataset/train/image245.jpg 69,71,146,108,0 76,125,103,149,6 1,103,27,122,6 200,33,265,87,4 201,79,293,152,4
D:\works\Yolo/custom_dataset/train/image246.jpg 29,42,102,132,0 93,79,142,151,6 168,86,213,134,1 66,107,100,145,2
D:\works\Yolo/custom_dataset/train/image247.jpg 66,67,102,90,1 54,216,94,247,1 15,205,54,245,2 37,119,69,141,5 20,68,107,136,0 28,158,129,230,0
D:\works\Yolo/custom_dataset/train/image248.jpg 166,70,250,159,3 28,61,91,133,1
D:\works\Yolo/custom_dataset/train/image249.jpg 97,113,213,164,3
D:\works\Yolo/custom_dataset/train/image25.jpg 19,97,68,137,1 28,57,177,124,0 95,97,151,143,2
D:\works\Yolo/custom_dataset/train/image250.jpg 88,18,116,45,5 119,107,152,136,5 29,44,120,105,0
D:\works\Yolo/custom_dataset/train/image251.jpg 47,86,239,142,0 136,80,198,105,6 144,47,191,78,1 196,1,250,40,6
D:\works\Yolo/custom_dataset/train/image252.jpg 3,57,26,89,1 20,41,36,70,2
D:\works\Yolo/custom_dataset/train/image253.jpg 40,124,88,161,1 5,90,44,158,6 1,115,11,145,5 135,143,175,162,5 45,58,106,118,0 204,95,281,162,7 114,5,149,54,1 147,6,228,79,4
D:\works\Yolo/custom_dataset/train/image254.jpg 1,147,52,189,5 22,66,99,122,1 70,12,222,187,0
D:\works\Yolo/custom_dataset/train/image255.jpg 58,100,148,125,7 71,124,137,152,6 48,16,80,42,6 88,87,110,98,5 75,62,96,74,5 27,21,49,51,1 29,52,50,73,3 139,119,158,146,1 48,36,122,63,0 92,12,123,34,6
D:\works\Yolo/custom_dataset/train/image256.jpg 79,120,114,158,1 67,142,159,202,0
D:\works\Yolo/custom_dataset/train/image257.jpg 38,71,86,116,6 122,54,144,83,1 134,46,163,72,5 112,72,179,177,0
D:\works\Yolo/custom_dataset/train/image258.jpg 44,1,109,40,7 75,97,138,141,0 144,115,164,139,6 161,96,185,125,1 150,47,172,75,1 110,22,144,41,1 59,49,123,88,4 185,64,222,95,3 235,60,275,100,3
D:\works\Yolo/custom_dataset/train/image259.jpg 58,82,98,105,1 40,112,106,149,5 87,63,173,91,6 82,87,158,116,0
D:\works\Yolo/custom_dataset/train/image26.jpg 125,103,165,136,1 149,124,186,164,2 52,136,85,172,1 144,41,211,108,0 70,15,130,64,3 14,57,39,93,3 144,4,191,31,3 205,18,231,45,4 253,30,270,78,4 239,87,250,110,2
D:\works\Yolo/custom_dataset/train/image260.jpg 83,94,128,171,7 10,54,52,84,0 55,12,82,35,1 128,88,166,120,1 195,7,228,33,1 223,7,258,43,3 145,39,202,81,4 154,8,195,36,0 132,144,161,160,2
D:\works\Yolo/custom_dataset/train/image264.jpg 36,69,241,182,4 117,17,159,47,5
D:\works\Yolo/custom_dataset/train/image265.jpg 138,44,187,106,2
D:\works\Yolo/custom_dataset/train/image266.jpg 3,61,29,84,1 160,60,188,79,1 79,97,101,120,1 183,15,207,31,1 261,49,289,66,1 39,84,85,126,1 181,79,215,106,6 93,78,130,109,6 135,68,177,90,6 31,46,64,61,6 96,6,128,26,6 198,29,236,51,6 230,43,263,70,6 100,138,135,162,6 82,31,104,47,1 64,5,92,51,0 126,42,179,61,4 244,62,310,88,4 2,38,43,61,7
D:\works\Yolo/custom_dataset/train/image267.jpg 32,59,51,81,1 20,28,37,78,0 31,20,59,34,6
D:\works\Yolo/custom_dataset/train/image268.jpg 6,61,96,136,6 120,85,181,121,1 159,1,190,31,5 106,79,262,148,0 217,11,258,44,2
D:\works\Yolo/custom_dataset/train/image269.jpg 175,145,244,198,5 36,97,78,134,6 57,125,93,148,3 150,44,193,73,1 65,60,208,98,0
D:\works\Yolo/custom_dataset/train/image27.jpg 57,21,66,30,1 66,19,76,30,1 4,44,16,56,1 14,42,26,52,1 54,53,66,65,1 63,50,74,64,1 86,48,97,57,1 93,51,100,60,1 1,81,21,100,5 29,64,50,89,6 33,31,51,50,6 82,35,100,50,6 58,31,75,41,7
D:\works\Yolo/custom_dataset/train/image270.jpg 27,92,63,111,6 27,30,58,52,6 69,95,123,130,4 66,38,110,79,7 113,120,129,147,2 170,11,202,38,1 169,40,193,65,2 186,1,205,14,5 154,103,170,118,1 46,63,62,79,2
D:\works\Yolo/custom_dataset/train/image271.jpg 99,103,169,145,1 126,44,154,62,5 77,25,122,56,6 73,42,227,141,8
D:\works\Yolo/custom_dataset/train/image272.jpg 66,95,191,162,8 31,118,68,161,5 45,85,98,120,6 127,69,165,100,1
D:\works\Yolo/custom_dataset/train/image273.jpg 61,34,120,119,8 125,106,216,144,2 121,88,178,119,5 182,53,229,90,6 183,76,230,123,1
D:\works\Yolo/custom_dataset/train/image274.jpg 32,54,69,108,1 73,43,178,122,4 121,131,207,188,3
D:\works\Yolo/custom_dataset/train/image276.jpg 48,121,67,186,0 106,132,172,177,8 35,69,75,110,4 34,151,51,170,1 122,125,147,143,1 26,65,45,86,1 111,41,129,64,1 177,60,199,79,1 218,143,239,165,1 233,31,256,48,1 166,35,193,64,6 50,40,72,67,6 184,116,223,165,4 83,37,126,83,4
D:\works\Yolo/custom_dataset/train/image28.jpg 43,31,83,99,6 132,38,211,105,8 84,32,118,96,3
D:\works\Yolo/custom_dataset/train/image282.jpg 26,126,145,183,0 152,87,186,133,2
D:\works\Yolo/custom_dataset/train/image283.jpg 8,15,284,157,8
D:\works\Yolo/custom_dataset/train/image284.jpg 19,110,75,150,1 94,90,123,129,2 108,55,200,173,8
D:\works\Yolo/custom_dataset/train/image285.jpg 67,102,127,156,4 160,55,205,85,3
D:\works\Yolo/custom_dataset/train/image286.jpg 12,105,57,135,6 61,111,117,165,4 69,20,124,89,7 174,145,204,174,1 174,20,207,48,1 137,17,173,49,6 204,102,245,133,6 205,125,219,148,5 19,21,58,50,6 180,49,223,86,8
D:\works\Yolo/custom_dataset/train/image287.jpg 43,5,150,68,7 36,54,159,111,3 124,180,225,223,3 122,115,210,159,3 151,83,225,142,0 161,1,213,41,0 27,1,64,31,2
D:\works\Yolo/custom_dataset/train/image288.jpg 26,7,189,178,8
D:\works\Yolo/custom_dataset/train/image289.jpg 61,36,234,128,8 55,28,111,67,1 103,26,136,63,5 224,131,272,164,1 242,113,274,151,6
D:\works\Yolo/custom_dataset/train/image29.jpg 88,121,119,150,1 163,96,207,134,2 180,122,203,136,5 206,104,237,136,6 116,34,215,110,4
D:\works\Yolo/custom_dataset/train/image290.jpg 105,61,234,157,8 17,148,74,182,3
D:\works\Yolo/custom_dataset/train/image291.jpg 61,22,121,188,8 152,173,183,217,3
D:\works\Yolo/custom_dataset/train/image292.jpg 33,141,80,178,6 38,84,236,149,8 224,88,257,117,1 88,144,122,191,1 207,56,251,82,6
D:\works\Yolo/custom_dataset/train/image293.jpg 61,47,183,107,6 39,104,122,201,8
D:\works\Yolo/custom_dataset/train/image294.jpg 32,160,87,212,1 83,123,131,170,2 100,46,140,83,2 133,4,172,49,1 83,96,114,122,5 76,63,104,87,5
D:\works\Yolo/custom_dataset/train/image295.jpg 19,77,105,155,8 79,163,134,214,1 96,103,155,179,3
D:\works\Yolo/custom_dataset/train/image296.jpg 43,34,136,106,8 93,67,155,142,3
D:\works\Yolo/custom_dataset/train/image297.jpg 43,81,101,127,1 80,66,129,109,2 129,19,198,132,8
D:\works\Yolo/custom_dataset/train/image3.jpg 28,66,47,96,1 128,152,152,172,1 233,91,253,119,1 109,32,128,58,1 117,15,142,43,2 36,51,53,68,2 112,151,130,170,2 221,111,246,138,2 174,100,204,131,3 116,41,169,82,4 134,108,175,161,8 192,67,246,113,4 90,91,100,110,5 166,56,180,80,5 177,80,196,106,5 126,96,157,111,5 93,132,111,150,6 203,33,220,54,6 195,1,266,31,6
D:\works\Yolo/custom_dataset/train/image30.jpg 120,49,161,89,1 172,40,208,71,1 304,54,339,84,1 276,69,341,138,7 323,99,341,138,2 169,1,192,35,2 144,1,169,39,2 95,64,126,100,2 95,100,128,144,2 116,83,154,133,2 47,42,114,148,4 34,122,74,144,3 64,1,119,26,3 232,124,256,144,6 249,137,279,148,6 251,122,282,140,5 237,29,257,54,5
D:\works\Yolo/custom_dataset/train/image300.jpg 176,106,209,157,1 190,53,234,98,6 98,17,125,39,1 125,19,137,34,5 122,41,174,133,8 47,32,101,78,4 47,11,84,33,6
D:\works\Yolo/custom_dataset/train/image301.jpg 103,63,179,134,3 135,17,211,105,8
D:\works\Yolo/custom_dataset/train/image302.jpg 89,135,196,179,8 67,83,86,109,2
D:\works\Yolo/custom_dataset/train/image303.jpg 77,43,233,174,8 23,77,112,127,3
D:\works\Yolo/custom_dataset/train/image304.jpg 54,133,181,183,8
D:\works\Yolo/custom_dataset/train/image306.jpg 74,29,207,138,8 15,100,76,168,1 188,24,224,119,3
D:\works\Yolo/custom_dataset/train/image307.jpg 22,45,234,121,8 60,112,134,169,1 125,8,187,45,6
D:\works\Yolo/custom_dataset/train/image308.jpg 60,40,95,65,6 52,112,97,143,6 220,68,250,94,6 61,14,202,46,8 101,43,127,72,1 98,107,134,145,1 116,86,199,163,7 203,89,238,124,1
D:\works\Yolo/custom_dataset/train/image309.jpg 47,43,94,75,6 66,74,124,111,6 98,2,144,32,6 150,82,197,119,6 194,41,247,73,6 79,127,111,156,1 245,80,282,107,1 138,40,168,63,1 138,20,162,39,1 107,94,146,163,4 170,61,260,137,8 244,45,298,83,7 159,26,189,45,2 108,36,142,48,2 91,49,155,85,7
D:\works\Yolo/custom_dataset/train/image31.jpg 80,48,121,86,6 95,86,127,111,6 99,109,139,140,6 115,135,145,170,6
D:\works\Yolo/custom_dataset/train/image310.jpg 90,8,135,55,6 131,9,171,48,6 116,36,162,89,6 142,47,190,92,1 99,92,162,161,8 143,71,212,141,8 99,72,212,162,8
D:\works\Yolo/custom_dataset/train/image311.jpg 7,55,61,98,1 211,105,307,147,4 67,36,176,135,4 224,16,291,81,4
D:\works\Yolo/custom_dataset/train/image312.jpg 173,50,208,80,1 63,68,153,117,4 112,34,166,62,8 118,14,159,37,6 30,82,59,112,1
D:\works\Yolo/custom_dataset/train/image313.jpg 97,18,194,124,8 196,49,221,70,5 28,118,93,167,1
D:\works\Yolo/custom_dataset/train/image314.jpg 115,35,153,76,1 54,37,90,69,1 50,138,82,170,1 200,1,228,30,1 68,91,97,143,6 95,74,130,121,6 143,21,222,123,4 1,77,53,112,3 8,1,63,16,3 137,1,201,22,3 127,77,165,107,2 54,59,117,103,3 57,14,81,42,2 201,25,226,53,2 49,113,72,138,2
D:\works\Yolo/custom_dataset/train/image315.jpg 76,79,112,109,5 89,103,234,150,8 83,40,139,67,6 183,77,223,107,1 116,80,183,109,8
D:\works\Yolo/custom_dataset/train/image316.jpg 56,80,94,112,6 50,117,73,148,1
D:\works\Yolo/custom_dataset/train/image317.jpg 16,53,144,169,8 193,84,225,119,1
D:\works\Yolo/custom_dataset/train/image318.jpg 32,114,90,158,5 69,84,115,108,1 102,67,142,104,6 138,74,159,99,6 141,64,177,90,6 86,99,164,139,8
D:\works\Yolo/custom_dataset/train/image319.jpg 139,33,207,141,8 57,46,112,91,1 62,128,132,171,2 33,98,72,142,6 61,88,89,115,6
D:\works\Yolo/custom_dataset/train/image32.jpg 87,100,193,131,0 146,120,175,156,1 12,51,42,77,1 218,51,244,77,1 75,39,137,98,7 162,25,220,108,4 43,49,64,78,2 130,125,147,153,2 203,41,228,59,2 142,160,172,182,3
D:\works\Yolo/custom_dataset/train/image320.jpg 63,67,193,140,8 45,62,88,94,6 126,113,193,152,8 44,91,79,139,3 84,67,117,87,3
D:\works\Yolo/custom_dataset/train/image321.jpg 36,73,153,121,8 29,97,94,172,6 79,31,145,57,5 40,49,89,82,5 107,52,186,112,3 87,116,139,175,8
D:\works\Yolo/custom_dataset/train/image322.jpg 140,77,208,144,4 120,53,164,83,5 52,76,95,113,6 60,56,97,74,1 79,39,128,59,2 1,1,55,34,8 45,13,78,39,8 86,101,111,124,2
D:\works\Yolo/custom_dataset/train/image323.jpg 1,57,148,177,8 32,91,66,123,1 220,86,262,111,1 175,72,214,103,2 82,53,116,80,6 115,32,146,57,6 180,38,206,57,6 1,95,40,134,2 204,30,275,85,4 74,1,108,16,1
D:\works\Yolo/custom_dataset/train/image324.jpg 60,151,104,191,2 98,71,126,85,2 105,82,129,103,2 121,95,225,166,4 69,195,99,225,6 91,200,127,225,6 126,189,159,225,6 1,92,64,157,4 72,61,90,82,6 88,59,117,80,6
D:\works\Yolo/custom_dataset/train/image325.jpg 70,106,198,197,4 1,180,20,218,6 12,187,52,224,6 1,128,23,175,2 91,65,125,95,2 72,54,91,73,6 90,56,122,71,6 198,133,224,190,2 1,62,45,111,4
D:\works\Yolo/custom_dataset/train/image326.jpg 117,35,153,92,2 121,47,166,135,4 163,45,219,115,4 157,116,218,171,6
D:\works\Yolo/custom_dataset/train/image327.jpg 110,39,149,82,6 140,27,169,74,6 1,51,16,92,6 2,97,29,124,5 4,119,38,140,5 164,35,194,70,5 232,107,255,146,5 213,121,242,153,5 62,70,136,150,4 66,20,83,40,5 214,1,267,67,4 263,1,274,12,5 81,13,108,32,1 254,124,275,168,1 255,12,275,44,1
D:\works\Yolo/custom_dataset/train/image328.jpg 120,37,190,141,6 35,52,165,168,6
D:\works\Yolo/custom_dataset/train/image329.jpg 77,110,165,191,6 10,67,76,119,5 31,65,152,142,3 157,168,211,194,2 221,157,259,193,2
D:\works\Yolo/custom_dataset/train/image33.jpg 42,65,83,93,1 105,114,144,155,1 186,140,207,159,1 1,76,37,96,2 143,136,171,163,2 188,160,199,176,2 194,15,271,156,4 94,35,182,150,4 1,16,78,79,7 53,100,96,158,6 93,30,132,60,6 256,139,284,154,6 1,102,23,159,3 153,49,175,79,3
D:\works\Yolo/custom_dataset/train/image330.jpg 177,48,199,68,1 186,96,210,126,1 184,9,230,50,4 202,71,253,134,4 210,109,227,129,5 145,42,172,61,5 22,56,46,75,5 7,80,29,101,5 1,103,21,124,5 142,104,171,160,3
D:\works\Yolo/custom_dataset/train/image331.jpg 45,35,88,75,1 20,105,88,164,6 18,103,73,145,6 58,108,91,155,6 34,142,76,165,6 35,72,79,106,2 78,61,146,94,2
D:\works\Yolo/custom_dataset/train/image334.jpg 95,51,139,114,6 29,40,78,76,4
D:\works\Yolo/custom_dataset/train/image335.jpg 146,117,200,168,6 133,26,158,69,6 202,91,248,154,6 180,139,238,168,6 153,26,239,92,7
D:\works\Yolo/custom_dataset/train/image336.jpg 115,89,142,106,6 175,80,199,103,6 73,113,101,139,6 134,100,153,110,1 199,94,217,105,1 176,117,224,153,4 54,157,98,195,3 93,122,136,160,4 155,120,173,137,2 201,72,219,83,2 102,154,121,175,2 137,74,161,100,4
D:\works\Yolo/custom_dataset/train/image337.jpg 17,151,58,173,6 51,149,77,167,6 109,198,130,225,6 127,202,148,225,6 143,195,170,222,6 204,128,225,163,2 139,102,217,179,4 70,68,143,128,4 128,94,145,118,2
D:\works\Yolo/custom_dataset/train/image338.jpg 119,65,185,126,6 241,84,259,133,5 160,72,244,174,3 29,144,83,185,7 101,139,131,179,7 96,105,133,139,7 61,124,103,167,7
D:\works\Yolo/custom_dataset/train/image339.jpg 59,34,104,74,1 101,36,123,63,5 121,20,140,39,5 120,36,143,55,5 91,13,127,46,6 42,10,82,39,6 70,11,112,35,6
D:\works\Yolo/custom_dataset/train/image34.jpg 232,47,264,82,1 250,39,274,68,1 172,4,261,58,0 39,24,118,79,7 234,112,269,145,5
D:\works\Yolo/custom_dataset/train/image340.jpg 216,132,236,155,1 204,45,227,64,1 145,99,166,120,1 72,155,93,174,1 16,55,37,79,1 29,47,61,69,6 48,164,80,191,6 192,139,221,167,6 120,115,149,136,6 181,56,210,76,6 162,49,186,66,6 58,66,79,100,6 194,102,239,142,8 54,123,107,164,4 200,26,241,54,8 5,68,60,116,4
D:\works\Yolo/custom_dataset/train/image341.jpg 54,48,73,72,1 63,61,85,84,1 9,31,35,53,6 13,59,51,82,4
D:\works\Yolo/custom_dataset/train/image342.jpg 111,114,127,134,5 126,123,143,141,5 123,143,148,158,5 97,136,127,178,1 55,114,82,155,6 78,131,104,160,6 82,105,110,131,6 26,91,58,133,4 51,74,97,114,4 114,156,159,188,2 143,164,166,194,2
D:\works\Yolo/custom_dataset/train/image343.jpg 73,84,126,130,7
D:\works\Yolo/custom_dataset/train/image344.jpg 70,171,111,202,4 83,118,126,147,7 78,52,92,68,1 62,101,77,117,1 45,152,61,169,1 103,62,119,77,5 87,109,104,123,5 70,60,88,78,2 56,113,71,127,2 41,160,62,179,2 72,159,91,172,5
D:\works\Yolo/custom_dataset/train/image345.jpg 284,126,307,149,1 154,26,191,70,4 273,93,296,114,6 184,130,225,156,7 279,41,289,51,5 287,23,298,35,5 195,33,209,51,5 207,17,233,47,3 182,14,208,40,3 272,37,310,66,3
D:\works\Yolo/custom_dataset/train/image346.jpg 190,97,221,140,2 259,21,275,57,2 60,38,155,86,4 78,1,115,39,6 1,98,25,123,6 1,75,9,94,6 248,59,267,74,6 54,158,99,183,1 111,5,146,32,3
D:\works\Yolo/custom_dataset/train/image347.jpg 150,32,222,92,6 140,116,165,153,5 155,137,192,159,5 56,2,85,33,2 70,123,116,158,2 51,42,152,155,4 251,97,274,131,2 75,1,146,23,7
D:\works\Yolo/custom_dataset/train/image348.jpg 25,40,62,106,6 10,102,74,175,1 67,132,154,173,2 153,33,251,169,4
D:\works\Yolo/custom_dataset/train/image349.jpg 4,31,66,69,7 77,42,149,78,7 160,41,224,82,7 71,153,151,189,7 164,152,225,194,7 1,141,62,190,7 6,15,34,38,6 80,14,107,41,6 103,10,144,36,6 167,12,209,50,6 163,118,211,166,6 76,113,146,147,6 1,131,35,154,6 1,53,64,102,4 78,69,144,103,4 160,68,225,101,4 78,179,149,217,4 9,166,63,214,4 165,182,225,213,4
D:\works\Yolo/custom_dataset/train/image35.jpg 141,93,162,113,1 53,62,75,79,1 77,167,100,187,1 84,137,129,178,7 46,147,61,169,2 27,64,63,101,4 126,19,167,56,4 91,8,118,46,4 115,94,140,134,4 67,74,83,86,2
D:\works\Yolo/custom_dataset/train/image350.jpg 59,30,76,48,1 156,30,173,49,1 212,52,232,66,1 184,132,201,152,1 82,169,97,189,1 36,127,57,146,1 83,77,93,88,5 88,85,102,95,5 115,76,132,91,5 206,88,222,102,5 110,136,119,145,5 114,126,124,138,5 170,129,185,157,6 195,66,208,78,6 205,60,222,75,6 139,34,157,53,6 51,13,74,32,6 43,108,63,130,6 44,90,106,118,7 133,112,173,166,4 119,38,166,83,4 20,163,63,201,4
D:\works\Yolo/custom_dataset/train/image351.jpg 29,18,53,45,6 186,22,206,49,6 205,22,225,43,6 52,21,69,41,2 243,115,258,124,5 227,23,277,82,7 54,68,71,80,5
D:\works\Yolo/custom_dataset/train/image352.jpg 183,42,207,71,5 160,37,186,63,5 143,47,175,72,5 157,80,202,114,6 127,102,203,166,6 56,136,142,194,4 32,73,119,150,4 172,64,224,101,1
D:\works\Yolo/custom_dataset/train/image354.jpg 62,8,95,31,6 38,64,68,94,1
D:\works\Yolo/custom_dataset/train/image355.jpg 1,35,15,63,6 44,48,65,65,7
D:\works\Yolo/custom_dataset/train/image356.jpg 85,45,134,87,6 177,109,248,181,5
D:\works\Yolo/custom_dataset/train/image357.jpg 20,71,67,117,1 75,44,114,91,2 106,52,229,162,4
D:\works\Yolo/custom_dataset/train/image36.jpg 96,119,143,165,1 156,98,184,127,5 124,70,189,106,6 146,133,178,157,2
D:\works\Yolo/custom_dataset/train/image362.jpg 185,58,210,103,0 92,127,144,158,8 61,87,94,134,4 137,37,181,69,4 182,147,209,166,6 173,46,189,57,6 127,67,139,79,6 90,141,100,153,6 45,112,64,126,6 11,57,25,73,6 25,59,42,75,6 19,74,36,90,6 196,96,210,112,3
D:\works\Yolo/custom_dataset/train/image364.jpg 145,81,174,108,1 179,67,207,98,1 56,73,86,99,1 92,91,165,158,7 191,30,224,63,5 13,73,49,102,5 189,51,256,137,4
D:\works\Yolo/custom_dataset/train/image365.jpg 61,150,96,180,5 91,136,145,162,5 104,150,143,179,5 144,145,195,169,5 147,154,199,189,5 114,169,165,196,5 61,160,116,193,5
D:\works\Yolo/custom_dataset/train/image366.jpg 165,40,200,72,1 179,114,226,141,1 86,94,127,124,1 139,117,176,159,6 116,31,159,53,6 41,96,88,125,6 122,49,184,82,4 161,134,220,163,7
D:\works\Yolo/custom_dataset/train/image367.jpg 81,33,104,50,1 36,142,53,165,1 137,100,157,114,1 239,62,273,98,1 184,38,229,82,6 104,46,123,66,6 45,128,68,146,6 65,117,76,131,5 99,146,112,160,5 124,46,135,61,5 129,40,142,53,5 189,78,253,147,4 120,111,160,157,4 8,110,48,164,4 72,47,111,90,4 1,14,33,54,4 131,45,153,71,3 41,107,53,125,2 52,118,65,131,2
D:\works\Yolo/custom_dataset/train/image369.jpg 135,75,251,160,4
D:\works\Yolo/custom_dataset/train/image37.jpg 66,4,86,15,1 94,85,116,112,1 140,18,158,39,1 149,115,180,137,1 154,136,173,159,2 99,105,120,125,2 51,10,67,30,2 147,37,163,50,2 153,9,181,36,3 147,80,198,119,3 16,83,56,144,3 86,22,124,55,3 42,25,102,59,0 152,37,216,67,7 169,106,238,171,4 47,113,113,154,7 202,102,217,114,5 63,95,77,109,5 75,16,90,25,5 180,24,195,34,5
D:\works\Yolo/custom_dataset/train/image371.jpg 66,135,82,153,5 94,129,109,145,5 93,148,112,163,5 212,37,228,51,5 228,44,243,58,5 208,15,224,29,5 190,14,206,29,5 192,8,208,17,5 183,1,199,10,5 178,9,192,23,5 164,15,173,26,5 166,4,183,16,5 86,1,140,56,5 222,60,237,74,5 163,76,219,126,7 135,103,150,114,7
D:\works\Yolo/custom_dataset/train/image372.jpg 43,95,68,122,1 94,37,120,64,1 141,120,173,144,1 161,145,199,183,6 168,20,196,49,6 1,108,34,135,6 26,73,57,101,2 95,62,113,84,2 112,139,140,159,2 102,92,159,145,7 108,20,185,92,4 46,137,61,149,5 66,170,81,183,5
D:\works\Yolo/custom_dataset/train/image373.jpg 202,53,224,75,5 206,117,225,142,5 47,77,178,158,5
D:\works\Yolo/custom_dataset/train/image374.jpg 73,53,104,89,1 104,45,132,83,6 133,44,152,58,6 1,81,81,171,6 1,153,46,183,6 1,45,56,93,5
D:\works\Yolo/custom_dataset/train/image375.jpg 89,51,122,66,0 195,124,206,135,5
D:\works\Yolo/custom_dataset/train/image377.jpg 121,18,177,50,1 60,65,221,169,4 163,171,200,216,5 142,199,190,221,5 157,144,214,196,2 177,24,221,53,6 91,66,126,89,5 109,45,163,70,2
D:\works\Yolo/custom_dataset/train/image378.jpg 114,87,150,127,1 111,54,134,77,5 139,54,238,136,4 59,58,99,86,3 236,20,275,70,5
D:\works\Yolo/custom_dataset/train/image379.jpg 144,72,187,115,5 149,105,173,144,5 170,112,212,147,5 49,59,143,115,6 54,134,123,187,6
D:\works\Yolo/custom_dataset/train/image38.jpg 89,72,119,89,1 165,51,187,71,1 133,86,203,126,7 113,74,142,93,2 113,38,168,66,7 141,100,166,121,6 129,106,143,122,5 176,54,213,76,5
D:\works\Yolo/custom_dataset/train/image380.jpg 1,60,18,95,5 3,143,44,183,5
D:\works\Yolo/custom_dataset/train/image381.jpg 176,95,194,113,5 181,72,230,100,6 129,38,151,65,2 185,54,236,75,3
D:\works\Yolo/custom_dataset/train/image382.jpg 217,120,246,155,1 272,70,292,90,5 94,21,115,43,5 191,64,219,80,1 161,103,192,117,5 148,112,176,138,5 198,1,270,71,4 130,38,158,67,6 226,87,292,148,7
D:\works\Yolo/custom_dataset/train/image383.jpg 155,70,174,90,5 170,79,188,96,5 162,61,176,75,5 174,68,193,84,5
D:\works\Yolo/custom_dataset/train/image384.jpg 38,77,84,101,0 40,139,83,175,4 118,52,169,87,4 111,118,152,159,7 191,113,202,130,2 136,42,152,57,2 65,63,76,78,2 47,132,63,147,2 104,16,123,31,5 89,75,100,90,5 167,45,178,55,5 171,99,177,111,5 156,143,170,156,5 76,132,87,141,5 3,68,17,81,5 1,78,8,94,5
D:\works\Yolo/custom_dataset/train/image385.jpg 1,55,225,177,3
D:\works\Yolo/custom_dataset/train/image386.jpg 145,92,173,119,1 182,151,206,180,1 32,119,63,136,1 16,89,43,110,1 128,51,152,67,1 33,56,72,109,4 10,64,26,83,4 95,13,137,49,4 159,56,216,111,4 147,72,164,95,2 51,128,80,145,2 146,192,180,219,2 113,59,122,69,2 14,129,73,184,4 128,144,185,193,4 74,132,97,153,3
D:\works\Yolo/custom_dataset/train/image387.jpg 226,93,258,147,2 153,93,235,183,4 89,36,143,80,5 103,4,174,67,3
D:\works\Yolo/custom_dataset/train/image388.jpg 139,35,193,96,1 97,72,217,199,4 64,79,89,104,2
D:\works\Yolo/custom_dataset/train/image389.jpg 85,53,98,63,6
D:\works\Yolo/custom_dataset/train/image39.jpg 65,104,84,124,5 53,114,71,139,5 130,105,199,163,6 115,138,169,180,1 175,164,225,212,2 82,174,192,225,4 75,89,120,135,6
D:\works\Yolo/custom_dataset/train/image390.jpg 44,46,125,160,7 106,121,156,169,1 132,45,234,117,3
D:\works\Yolo/custom_dataset/train/image391.jpg 132,49,175,96,1 153,63,254,164,7 31,69,74,124,3 7,15,34,38,5 1,2,23,27,5 45,94,103,135,5
D:\works\Yolo/custom_dataset/train/image392.jpg 63,33,91,55,3
D:\works\Yolo/custom_dataset/train/image393.jpg 27,66,37,75,5 25,71,34,81,5 29,55,60,68,3
D:\works\Yolo/custom_dataset/train/image394.jpg 58,4,92,36,1 91,90,120,120,1 113,96,141,135,1 234,118,291,158,1 194,53,299,141,7 16,99,132,152,7 24,9,48,38,5 197,7,305,60,3 1,32,93,68,4 1,12,25,43,6 179,34,207,105,6 2,77,49,112,6 203,136,252,158,2
D:\works\Yolo/custom_dataset/train/image395.jpg 144,141,182,172,1 215,119,229,133,5 220,144,236,156,5 196,160,210,174,5 149,83,199,144,7 124,89,137,104,5
D:\works\Yolo/custom_dataset/train/image396.jpg 70,8,143,65,7 140,54,160,74,1 51,85,93,108,1 106,55,140,78,2 30,102,69,129,2 1,87,45,122,3 176,12,254,101,4
D:\works\Yolo/custom_dataset/train/image397.jpg 129,50,156,93,2 123,87,157,136,1 42,48,113,103,3 153,56,227,143,7
D:\works\Yolo/custom_dataset/train/image398.jpg 51,159,111,222,1 141,96,187,142,1 165,79,225,126,4 137,70,154,79,5 74,119,90,130,5
D:\works\Yolo/custom_dataset/train/image399.jpg 180,81,222,108,1 109,72,133,96,5 118,109,205,151,6 41,50,121,116,7
D:\works\Yolo/custom_dataset/train/image40.jpg 67,72,94,112,1 153,142,190,168,1 254,28,276,59,1 231,34,267,63,6 132,120,152,142,6 111,139,154,168,6 42,74,70,102,6 16,79,96,159,7 208,10,260,41,3 210,64,290,146,4 105,51,192,141,4
D:\works\Yolo/custom_dataset/train/image400.jpg 43,160,93,191,1 139,135,173,171,6 4,111,115,177,4 90,155,126,215,5
D:\works\Yolo/custom_dataset/train/image401.jpg 283,126,308,149,1 272,92,296,113,6 155,26,191,71,4 182,127,225,156,7
D:\works\Yolo/custom_dataset/train/image402.jpg 1,38,49,98,6
D:\works\Yolo/custom_dataset/train/image403.jpg 28,56,43,68,1
D:\works\Yolo/custom_dataset/train/image404.jpg 136,98,201,167,6 68,114,177,199,7
D:\works\Yolo/custom_dataset/train/image405.jpg 130,42,230,189,1 1,42,128,159,7 70,15,113,53,5 132,3,176,48,6
D:\works\Yolo/custom_dataset/train/image406.jpg 188,50,256,138,4 190,30,224,64,5 200,126,231,149,5 139,103,176,137,5 181,66,207,99,1 145,81,174,108,1 93,91,165,158,7 56,73,86,99,1 13,72,49,104,5
D:\works\Yolo/custom_dataset/train/image407.jpg 143,60,198,100,1 115,33,158,76,6 158,74,240,144,3 63,51,186,171,7
D:\works\Yolo/custom_dataset/train/image408.jpg 96,65,114,82,1 120,90,143,106,1 137,111,161,126,1 217,64,238,76,1 186,34,202,49,1 83,57,97,67,6 103,84,120,100,6 157,123,177,141,6 201,52,221,67,6 103,125,167,168,7 151,46,187,72,7 180,69,227,102,7 53,80,97,110,7
D:\works\Yolo/custom_dataset/train/image409.jpg 21,77,64,98,1 110,119,136,146,1 134,112,158,150,6 88,68,146,131,7 175,68,197,83,1 155,64,176,99,6 165,81,231,145,7
D:\works\Yolo/custom_dataset/train/image41.jpg 75,19,99,42,1 69,103,97,125,1 234,16,255,34,1 35,28,94,67,7 20,5,56,23,6 14,99,98,152,0 239,16,307,72,4 269,133,286,152,5 287,133,302,149,5
D:\works\Yolo/custom_dataset/train/image410.jpg 110,12,173,83,4 76,69,92,94,5 103,133,121,147,5 58,163,124,220,7 113,123,156,163,7 124,165,144,195,2 84,35,109,55,2
D:\works\Yolo/custom_dataset/train/image411.jpg 22,123,205,316,2 225,128,413,319,2 430,125,599,309,2
D:\works\Yolo/custom_dataset/train/image412.jpg 144,30,184,60,1 58,103,131,188,0 47,157,103,188,5 2,142,58,178,6 192,2,252,43,6 174,21,257,89,4 135,58,174,88,5 157,108,262,178,3
D:\works\Yolo/custom_dataset/train/image413.jpg 151,38,234,169,7 42,95,102,124,2 49,71,107,99,5 91,32,126,85,3 101,86,120,117,1 83,119,113,157,6
D:\works\Yolo/custom_dataset/train/image414.jpg 66,82,116,108,7 59,108,160,147,7
D:\works\Yolo/custom_dataset/train/image415.jpg 54,40,72,61,1 86,134,108,154,1 145,26,159,42,1 180,110,201,121,1 156,25,172,43,5 192,91,209,114,5 191,79,222,99,6 161,4,179,22,6 64,26,95,45,6 93,116,129,135,6 111,143,127,157,5 127,128,165,178,7
D:\works\Yolo/custom_dataset/train/image416.jpg 93,114,139,170,1 119,54,156,133,2 16,14,107,97,7 231,130,255,152,1 218,105,246,136,2
D:\works\Yolo/custom_dataset/train/image417.jpg 118,19,141,46,1 19,81,49,102,1 175,107,194,130,1 188,83,237,133,7 141,106,175,130,6 142,89,170,109,2 160,34,177,54,2 141,20,175,36,6 18,101,42,121,6 63,83,122,123,4 134,44,177,68,3 46,108,59,121,2
D:\works\Yolo/custom_dataset/train/image418.jpg 86,148,130,183,1 82,127,102,143,5 94,183,116,198,5 70,164,98,188,6
D:\works\Yolo/custom_dataset/train/image419.jpg 48,62,70,88,8 41,8,54,23,2 34,18,45,31,1 39,25,66,45,4 65,32,73,43,5 36,83,46,92,2 45,84,58,94,1 71,43,83,58,5
D:\works\Yolo/custom_dataset/train/image42.jpg 119,26,168,92,1 138,120,179,153,5 154,46,222,155,3 99,95,156,165,2 28,20,130,173,4
D:\works\Yolo/custom_dataset/train/image420.jpg 45,62,64,83,1 44,44,65,62,6 90,43,118,83,4 224,15,237,30,5 210,9,221,25,1
D:\works\Yolo/custom_dataset/train/image421.jpg 55,50,203,206,7
D:\works\Yolo/custom_dataset/train/image422.jpg 24,172,144,249,4 106,109,162,146,2 1,127,52,186,6 125,141,183,184,1
D:\works\Yolo/custom_dataset/train/image423.jpg 190,97,257,160,1 156,57,242,125,2 43,26,191,168,7
D:\works\Yolo/custom_dataset/train/image424.jpg 97,51,259,186,0 1,26,95,131,5
D:\works\Yolo/custom_dataset/train/image425.jpg 29,17,229,169,0
D:\works\Yolo/custom_dataset/train/image426.jpg 57,48,204,135,7 179,139,223,173,5
D:\works\Yolo/custom_dataset/train/image427.jpg 41,11,236,171,0
D:\works\Yolo/custom_dataset/train/image428.jpg 8,21,94,71,7 78,74,100,94,5
D:\works\Yolo/custom_dataset/train/image429.jpg 1,17,100,90,0 24,15,57,32,5
D:\works\Yolo/custom_dataset/train/image43.jpg 7,18,80,112,6 59,59,140,119,0
D:\works\Yolo/custom_dataset/train/image430.jpg 1,11,97,94,0
D:\works\Yolo/custom_dataset/train/image431.jpg 62,1,174,211,0
D:\works\Yolo/custom_dataset/train/image432.jpg 51,5,220,169,0
D:\works\Yolo/custom_dataset/train/image433.jpg 20,28,242,192,0
D:\works\Yolo/custom_dataset/train/image434.jpg 9,10,255,183,0
D:\works\Yolo/custom_dataset/train/image435.jpg 4,59,201,191,0
D:\works\Yolo/custom_dataset/train/image436.jpg 3,23,225,148,0
D:\works\Yolo/custom_dataset/train/image437.jpg 36,21,217,183,0
D:\works\Yolo/custom_dataset/train/image438.jpg 69,19,236,115,0 118,83,209,157,4
D:\works\Yolo/custom_dataset/train/image439.jpg 47,58,100,126,0 90,182,167,235,0 126,154,179,216,6 94,146,142,185,1 12,74,50,117,1 23,43,106,82,6
D:\works\Yolo/custom_dataset/train/image44.jpg 235,30,254,43,1 224,70,252,90,1 199,142,216,160,5 198,167,216,186,5 157,47,214,95,4 207,52,249,76,6 236,7,259,22,6
D:\works\Yolo/custom_dataset/train/image440.jpg 1,33,253,178,0
D:\works\Yolo/custom_dataset/train/image441.jpg 71,101,202,185,0
D:\works\Yolo/custom_dataset/train/image442.jpg 22,43,110,92,0 66,70,101,94,5 246,23,284,70,5 172,79,255,119,8
D:\works\Yolo/custom_dataset/train/image443.jpg 12,9,192,208,0
D:\works\Yolo/custom_dataset/train/image444.jpg 74,52,225,187,0 1,104,69,163,6 61,42,100,57,5
D:\works\Yolo/custom_dataset/train/image445.jpg 1,60,127,173,0 135,47,268,171,0
D:\works\Yolo/custom_dataset/train/image446.jpg 48,52,178,168,0 143,33,174,70,5
D:\works\Yolo/custom_dataset/train/image447.jpg 39,64,245,146,0 102,170,133,194,5
D:\works\Yolo/custom_dataset/train/image448.jpg 84,17,214,119,0
D:\works\Yolo/custom_dataset/train/image449.jpg 1,11,275,114,0
D:\works\Yolo/custom_dataset/train/image45.jpg 26,42,66,77,1 227,79,264,123,1 182,123,240,162,2 15,66,59,118,2 62,37,110,72,3 142,75,176,144,3 151,42,247,110,4 38,70,120,143,4
D:\works\Yolo/custom_dataset/train/image450.jpg 4,91,189,222,0
D:\works\Yolo/custom_dataset/train/image451.jpg 31,6,251,170,0
D:\works\Yolo/custom_dataset/train/image452.jpg 1,9,121,165,0
D:\works\Yolo/custom_dataset/train/image453.jpg 1,35,259,166,0
D:\works\Yolo/custom_dataset/train/image454.jpg 33,91,248,145,0 132,12,171,70,5
D:\works\Yolo/custom_dataset/train/image455.jpg 1,16,259,137,8
D:\works\Yolo/custom_dataset/train/image456.jpg 1,48,162,220,8
D:\works\Yolo/custom_dataset/train/image457.jpg 16,5,250,164,8
D:\works\Yolo/custom_dataset/train/image458.jpg 69,57,232,109,8 173,79,213,120,5
D:\works\Yolo/custom_dataset/train/image459.jpg 1,31,100,84,8
D:\works\Yolo/custom_dataset/train/image46.jpg 108,39,129,56,1 69,136,85,157,1 158,97,176,113,1 171,101,184,116,1 184,98,210,121,6 129,52,145,69,6 76,124,98,140,6 9,75,28,92,6 1,42,14,72,3 152,53,171,72,3 243,83,267,106,3 199,51,240,87,4 144,108,171,146,4 163,115,183,149,4 45,107,78,155,4 35,24,65,57,4 99,52,137,90,4 145,51,155,63,5 153,47,161,57,5 94,114,103,125,5 73,106,85,120,2 83,113,93,125,2 181,132,192,142,2 176,139,189,148,2 190,134,209,148,3
D:\works\Yolo/custom_dataset/train/image460.jpg 1,11,96,94,0
D:\works\Yolo/custom_dataset/train/image461.jpg 1,42,53,67,8 47,59,64,74,5
D:\works\Yolo/custom_dataset/train/image462.jpg 32,18,226,190,8
D:\works\Yolo/custom_dataset/train/image463.jpg 1,57,259,136,8
D:\works\Yolo/custom_dataset/train/image464.jpg 29,73,267,148,8
D:\works\Yolo/custom_dataset/train/image465.jpg 85,56,283,127,8
D:\works\Yolo/custom_dataset/train/image466.jpg 1,12,300,135,8
D:\works\Yolo/custom_dataset/train/image467.jpg 8,38,269,187,8
D:\works\Yolo/custom_dataset/train/image468.jpg 25,41,244,155,8
D:\works\Yolo/custom_dataset/train/image469.jpg 96,35,228,140,8
D:\works\Yolo/custom_dataset/train/image47.jpg 53,48,72,72,1 64,61,86,85,1 10,57,51,80,4 1,10,10,28,5
D:\works\Yolo/custom_dataset/train/image470.jpg 2,66,202,167,8
D:\works\Yolo/custom_dataset/train/image471.jpg 1,22,97,130,8
D:\works\Yolo/custom_dataset/train/image472.jpg 101,24,263,138,8 189,24,217,45,5 88,67,115,96,5
D:\works\Yolo/custom_dataset/train/image473.jpg 45,43,259,157,8 44,103,218,190,5
D:\works\Yolo/custom_dataset/train/image474.jpg 79,43,216,116,8
D:\works\Yolo/custom_dataset/train/image475.jpg 10,1,223,194,8
D:\works\Yolo/custom_dataset/train/image476.jpg 60,106,231,158,8
D:\works\Yolo/custom_dataset/train/image477.jpg 35,7,192,176,8 185,87,228,132,5
D:\works\Yolo/custom_dataset/train/image478.jpg 5,81,184,146,8
D:\works\Yolo/custom_dataset/train/image48.jpg 26,41,70,71,5 195,72,245,123,2 24,60,206,178,4
D:\works\Yolo/custom_dataset/train/image480.jpg 76,33,229,136,8
D:\works\Yolo/custom_dataset/train/image481.jpg 88,47,162,97,8
D:\works\Yolo/custom_dataset/train/image482.jpg 27,69,208,135,8
D:\works\Yolo/custom_dataset/train/image483.jpg 59,77,213,169,8
D:\works\Yolo/custom_dataset/train/image484.jpg 27,14,77,91,8
D:\works\Yolo/custom_dataset/train/image485.jpg 14,15,86,76,8
D:\works\Yolo/custom_dataset/train/image486.jpg 1,8,111,79,8 3,99,121,162,8 157,10,237,63,8
D:\works\Yolo/custom_dataset/train/image487.jpg 3,37,225,217,8
D:\works\Yolo/custom_dataset/train/image488.jpg 1,19,194,252,8
D:\works\Yolo/custom_dataset/train/image489.jpg 3,46,273,176,8
D:\works\Yolo/custom_dataset/train/image49.jpg 108,68,141,101,4 95,15,139,41,3 126,47,141,61,5
D:\works\Yolo/custom_dataset/train/image490.jpg 2,1,310,143,8
D:\works\Yolo/custom_dataset/train/image493.jpg 50,45,200,133,8
D:\works\Yolo/custom_dataset/train/image494.jpg 1,4,100,95,4
D:\works\Yolo/custom_dataset/train/image496.jpg 17,26,98,92,4
D:\works\Yolo/custom_dataset/train/image497.jpg 38,97,121,153,4
D:\works\Yolo/custom_dataset/train/image499.jpg 2,41,140,101,4
D:\works\Yolo/custom_dataset/train/image50.jpg 100,75,128,105,2 108,85,143,124,6 136,80,162,108,5 147,30,239,136,7
D:\works\Yolo/custom_dataset/train/image503.jpg 31,50,72,105,5 47,49,131,136,4 130,91,159,113,5
D:\works\Yolo/custom_dataset/train/image504.jpg 24,3,145,131,4
D:\works\Yolo/custom_dataset/train/image505.jpg 21,56,216,194,4
D:\works\Yolo/custom_dataset/train/image506.jpg 78,75,197,148,4
D:\works\Yolo/custom_dataset/train/image507.jpg 49,59,159,213,4
D:\works\Yolo/custom_dataset/train/image508.jpg 5,9,96,96,4
D:\works\Yolo/custom_dataset/train/image51.jpg 75,116,87,127,1 148,71,168,83,1 155,112,176,130,1 84,89,117,125,4 120,74,158,110,4 64,129,124,178,4 66,91,88,106,6 156,94,177,107,6 170,140,189,156,6 119,145,138,164,6 47,167,58,176,5
D:\works\Yolo/custom_dataset/train/image510.jpg 77,93,213,174,4
D:\works\Yolo/custom_dataset/train/image511.jpg 45,7,237,165,4
D:\works\Yolo/custom_dataset/train/image512.jpg 36,5,176,188,6 47,195,121,252,1 75,145,179,212,5 101,169,136,244,4
D:\works\Yolo/custom_dataset/train/image513.jpg 68,90,160,177,4 68,50,181,104,6 129,101,171,144,1
D:\works\Yolo/custom_dataset/train/image514.jpg 2,1,110,86,6 8,77,146,188,4 116,3,183,86,2 125,98,175,184,2
D:\works\Yolo/custom_dataset/train/image515.jpg 56,31,137,108,1 119,25,165,61,6 73,97,132,166,6 128,42,206,161,4 113,82,148,165,5 73,124,107,171,5 160,28,178,47,5
D:\works\Yolo/custom_dataset/train/image516.jpg 44,20,186,91,4
D:\works\Yolo/custom_dataset/train/image517.jpg 1,1,267,187,4
D:\works\Yolo/custom_dataset/train/image518.jpg 20,1,267,186,4
D:\works\Yolo/custom_dataset/train/image519.jpg 118,35,155,108,1 193,50,229,89,1
D:\works\Yolo/custom_dataset/train/image52.jpg 24,68,58,101,5 72,95,113,129,5 204,84,224,98,5 108,205,137,225,5 131,217,153,225,5 154,218,173,225,5 125,183,189,223,6 106,53,152,89,6 1,66,21,97,6 190,49,222,102,6 161,47,194,105,4 123,137,179,198,4 81,40,134,106,7 60,97,95,120,1 17,61,38,85,1
D:\works\Yolo/custom_dataset/train/image520.jpg 36,114,121,173,1 98,45,201,161,4 37,44,120,130,6
D:\works\Yolo/custom_dataset/train/image521.jpg 2,65,163,222,4 135,56,217,150,1
D:\works\Yolo/custom_dataset/train/image522.jpg 19,32,73,97,4
D:\works\Yolo/custom_dataset/train/image523.jpg 20,1,99,99,4
D:\works\Yolo/custom_dataset/train/image524.jpg 44,14,228,199,4
D:\works\Yolo/custom_dataset/train/image525.jpg 79,45,196,131,4
D:\works\Yolo/custom_dataset/train/image526.jpg 78,29,279,161,4
D:\works\Yolo/custom_dataset/train/image527.jpg 62,63,175,162,4
D:\works\Yolo/custom_dataset/train/image528.jpg 33,71,182,217,4
D:\works\Yolo/custom_dataset/train/image529.jpg 13,57,127,157,4 22,1,105,59,5 159,91,255,124,5
D:\works\Yolo/custom_dataset/train/image53.jpg 243,114,289,157,7 184,31,228,61,4 240,31,270,61,4 39,91,91,114,4 13,104,90,154,4 80,126,121,148,1 286,126,301,145,6 185,103,204,119,6 176,32,197,45,6 94,118,135,134,6 271,46,290,60,6
D:\works\Yolo/custom_dataset/train/image531.jpg 51,46,212,154,4 211,61,240,87,5 102,72,132,93,5 79,33,108,53,5 154,19,185,33,5
D:\works\Yolo/custom_dataset/train/image532.jpg 1,48,224,220,4
D:\works\Yolo/custom_dataset/train/image533.jpg 10,21,205,146,4
D:\works\Yolo/custom_dataset/train/image534.jpg 22,110,143,198,4
D:\works\Yolo/custom_dataset/train/image535.jpg 34,41,212,170,4
D:\works\Yolo/custom_dataset/train/image537.jpg 1,1,258,164,4
D:\works\Yolo/custom_dataset/train/image538.jpg 55,45,114,110,1 90,48,225,155,6 110,10,198,60,4
D:\works\Yolo/custom_dataset/train/image539.jpg 29,1,196,161,1
D:\works\Yolo/custom_dataset/train/image54.jpg 61,10,128,89,2 105,104,250,179,4
D:\works\Yolo/custom_dataset/train/image540.jpg 11,32,99,100,1
D:\works\Yolo/custom_dataset/train/image541.jpg 11,17,307,140,1
D:\works\Yolo/custom_dataset/train/image542.jpg 24,81,236,152,1
D:\works\Yolo/custom_dataset/train/image545.jpg 37,1,264,184,1
D:\works\Yolo/custom_dataset/train/image546.jpg 138,73,219,169,1
D:\works\Yolo/custom_dataset/train/image547.jpg 71,58,198,139,1
D:\works\Yolo/custom_dataset/train/image548.jpg 94,22,242,137,1
D:\works\Yolo/custom_dataset/train/image549.jpg 29,2,267,157,1
D:\works\Yolo/custom_dataset/train/image55.jpg 64,48,83,66,1 69,70,90,87,1 139,143,160,166,1 184,82,202,106,1 158,46,175,63,1 120,2,138,16,1 83,36,114,61,3 90,64,122,90,3 99,82,136,116,3 69,131,87,157,3 84,162,114,188,3 154,88,203,148,3 161,36,207,79,3 146,1,188,33,3 40,22,107,50,0 70,117,150,186,4 193,85,245,138,7 130,44,172,91,4 113,12,162,42,4
D:\works\Yolo/custom_dataset/train/image550.jpg 116,36,236,151,1
D:\works\Yolo/custom_dataset/train/image551.jpg 44,28,155,198,5
D:\works\Yolo/custom_dataset/train/image552.jpg 83,105,149,160,5 140,63,262,177,6
D:\works\Yolo/custom_dataset/train/image553.jpg 26,22,154,116,6
D:\works\Yolo/custom_dataset/train/image554.jpg 41,37,152,152,6
D:\works\Yolo/custom_dataset/train/image555.jpg 3,13,63,91,6 87,46,98,78,6
D:\works\Yolo/custom_dataset/train/image556.jpg 1,2,224,201,6
D:\works\Yolo/custom_dataset/train/image557.jpg 23,76,164,233,6
D:\works\Yolo/custom_dataset/train/image56.jpg 12,26,34,39,2 2,60,20,69,2 22,39,46,53,5 19,69,37,80,5 69,68,84,79,5 74,75,108,101,4 25,72,54,106,4 39,61,53,74,6 1,74,9,91,6 5,39,14,57,6 40,44,64,60,0
D:\works\Yolo/custom_dataset/train/image560.jpg 5,1,274,163,6
D:\works\Yolo/custom_dataset/train/image561.jpg 81,85,174,160,6
D:\works\Yolo/custom_dataset/train/image562.jpg 7,30,274,182,6
D:\works\Yolo/custom_dataset/train/image563.jpg 112,21,273,118,6
D:\works\Yolo/custom_dataset/train/image564.jpg 54,18,211,154,6
D:\works\Yolo/custom_dataset/train/image567.jpg 26,8,223,109,6
D:\works\Yolo/custom_dataset/train/image568.jpg 19,33,159,231,6
D:\works\Yolo/custom_dataset/train/image569.jpg 168,21,211,70,6 111,1,161,35,6 27,154,80,181,6 81,37,110,65,2 227,80,259,110,2 94,103,123,128,2 75,120,103,149,1 58,60,93,86,1 203,65,234,94,1 198,94,246,142,8 31,126,77,155,3 205,18,235,69,3
D:\works\Yolo/custom_dataset/train/image57.jpg 78,11,131,51,3 22,94,76,136,3 194,135,240,172,3 24,128,77,172,7 67,130,98,152,2 142,68,166,86,2 102,140,126,163,1 159,57,179,83,1 143,98,161,126,1 153,112,179,131,2 183,100,235,137,4 82,46,139,82,4
D:\works\Yolo/custom_dataset/train/image570.jpg 73,97,133,169,6 56,31,137,108,1 111,83,147,164,5 120,23,164,61,6 158,28,180,47,5 128,43,207,160,4 72,125,108,172,5
D:\works\Yolo/custom_dataset/train/image571.jpg 33,51,155,171,6 156,53,192,108,5
D:\works\Yolo/custom_dataset/train/image572.jpg 135,110,560,364,3
D:\works\Yolo/custom_dataset/train/image573.jpg 96,119,143,163,1 125,71,193,101,6 155,98,184,125,5
D:\works\Yolo/custom_dataset/train/image574.jpg 145,69,186,104,1 13,101,64,134,1 166,53,227,135,0
D:\works\Yolo/custom_dataset/train/image575.jpg 58,64,187,156,3
D:\works\Yolo/custom_dataset/train/image576.jpg 66,53,199,120,4 155,91,203,153,1 29,44,82,122,6
D:\works\Yolo/custom_dataset/train/image577.jpg 49,95,83,121,1 139,102,166,133,1 217,91,248,126,1 237,59,265,87,6 111,108,138,132,6 40,76,69,101,6 57,58,90,82,2 242,79,275,111,2 224,110,275,160,3 9,65,90,143,4 91,92,165,154,4 73,68,110,107,3
D:\works\Yolo/custom_dataset/train/image578.jpg 153,38,239,124,7 136,71,164,113,1 10,45,39,76,1 82,192,131,211,1 91,162,146,196,2 162,110,184,131,2 36,66,73,88,2 111,124,155,181,3 14,85,133,211,0
D:\works\Yolo/custom_dataset/train/image58.jpg 46,95,77,118,1 30,113,68,143,1 78,17,107,38,1 98,26,125,41,1 180,58,210,82,1 203,69,231,96,1 230,68,261,101,2 120,18,161,43,2 74,64,109,91,2 76,121,99,141,5 89,132,111,152,5 69,30,87,43,5 162,87,179,101,5 175,79,196,98,5 22,82,63,125,3 71,40,156,63,7 69,87,146,130,4 167,96,192,120,7
D:\works\Yolo/custom_dataset/train/image581.jpg 62,97,105,141,2 23,95,81,167,6 17,146,43,173,5 56,83,134,130,1 20,128,159,232,7
D:\works\Yolo/custom_dataset/train/image582.jpg 142,325,1039,864,3
D:\works\Yolo/custom_dataset/train/image583.jpg 16,97,69,135,1 27,57,176,122,0
D:\works\Yolo/custom_dataset/train/image584.jpg 3,38,223,216,2
D:\works\Yolo/custom_dataset/train/image585.jpg 26,27,193,173,3
D:\works\Yolo/custom_dataset/train/image587.jpg 39,27,238,174,3
D:\works\Yolo/custom_dataset/train/image588.jpg 3,4,245,200,3
D:\works\Yolo/custom_dataset/train/image589.jpg 9,34,152,159,3
D:\works\Yolo/custom_dataset/train/image59.jpg 135,27,157,51,1 119,159,152,186,1 111,27,139,95,4 129,38,169,92,8 123,105,146,160,4 147,108,175,167,4 71,99,122,131,3 166,67,217,98,3
D:\works\Yolo/custom_dataset/train/image590.jpg 18,1,214,159,3
D:\works\Yolo/custom_dataset/train/image591.jpg 1,23,243,173,8
D:\works\Yolo/custom_dataset/train/image592.jpg 1,5,176,116,8 30,30,213,170,8
D:\works\Yolo/custom_dataset/train/image593.jpg 88,72,119,105,5 81,12,229,172,8
D:\works\Yolo/custom_dataset/train/image594.jpg 68,61,234,162,7
D:\works\Yolo/custom_dataset/train/image595.jpg 70,81,89,102,5 74,60,112,98,6 210,60,239,80,6 155,17,208,52,7 54,101,184,163,7 54,72,70,95,2
D:\works\Yolo/custom_dataset/train/image597.jpg 69,47,211,116,0 200,53,233,94,6 35,92,95,128,6
D:\works\Yolo/custom_dataset/train/image598.jpg 60,39,117,80,1 109,43,244,142,0 187,48,233,75,2 220,57,253,95,2 51,82,81,113,5 60,104,96,129,5
D:\works\Yolo/custom_dataset/train/image599.jpg 63,25,181,88,0 26,67,185,128,0
D:\works\Yolo/custom_dataset/train/image60.jpg 123,80,154,127,2 200,52,242,93,2 104,120,154,175,1 198,172,228,194,6 163,75,233,194,3
D:\works\Yolo/custom_dataset/train/image600.jpg 56,22,232,67,8 28,54,228,122,8
D:\works\Yolo/custom_dataset/train/image601.jpg 96,469,930,1298,2
D:\works\Yolo/custom_dataset/train/image61.jpg 213,11,239,30,1 213,26,240,48,1 225,80,248,102,1 239,90,265,117,1 101,71,129,93,1 118,78,142,97,1 211,45,233,58,5 134,87,154,109,5 252,104,272,125,5 189,102,223,134,6 168,9,202,30,6 71,96,117,126,6 113,99,149,169,4 162,38,229,81,4 170,131,228,176,4 207,80,226,102,2 198,7,215,19,2
D:\works\Yolo/custom_dataset/train/image62.jpg 89,20,100,28,1 81,20,90,30,1 79,53,91,65,1 87,50,98,62,1 52,64,74,88,6 58,31,75,50,6 83,29,99,40,7 67,1,84,15,3
D:\works\Yolo/custom_dataset/train/image63.jpg 167,96,241,169,4 97,92,173,163,7 152,77,189,101,2 120,19,144,42,2 86,12,123,41,1 184,69,229,113,1
D:\works\Yolo/custom_dataset/train/image64.jpg 90,76,166,97,6 30,89,91,103,3
D:\works\Yolo/custom_dataset/train/image65.jpg 193,119,249,168,1 179,102,200,123,5 199,102,237,122,5 90,100,207,176,6 170,64,220,94,2 36,24,167,90,4 19,96,91,178,3
D:\works\Yolo/custom_dataset/train/image66.jpg 4,1,107,38,0 137,83,217,131,4 148,120,172,147,1 60,43,85,72,1 266,8,291,36,1 49,20,88,46,6 85,37,107,59,6 157,148,197,168,6 235,1,271,16,6 209,1,254,66,4
D:\works\Yolo/custom_dataset/train/image67.jpg 129,46,147,68,1 134,124,154,153,1 1,109,34,156,1 28,120,83,152,2 130,102,149,129,2 205,100,218,115,2 108,41,132,59,2 147,70,194,150,4 103,55,143,94,7 1,60,102,119,7 29,14,76,56,3 179,72,214,110,3
D:\works\Yolo/custom_dataset/train/image69.jpg 123,69,156,110,2 1,24,105,110,7 189,22,293,130,7 46,89,97,129,1 98,1,118,17,1 92,5,156,50,4 276,96,311,157,1
D:\works\Yolo/custom_dataset/train/image7.jpg 31,72,148,183,4
D:\works\Yolo/custom_dataset/train/image71.jpg 101,70,119,94,1 118,75,137,99,1 103,98,116,113,5 116,96,126,112,5 127,96,136,107,5 189,110,204,130,6 204,107,218,128,6 217,109,233,130,6 193,87,208,103,5 207,88,217,104,5 218,88,231,102,5 156,79,178,136,4
D:\works\Yolo/custom_dataset/train/image72.jpg 117,30,156,51,1 214,91,225,122,1 1,8,76,80,4 55,50,164,99,4 136,79,212,206,0 125,114,154,151,6 163,136,223,220,6 62,25,95,49,6 36,8,51,16,6 36,73,66,103,6 56,92,121,128,6 128,167,189,225,2 58,2,100,33,2 14,79,86,140,2 93,129,132,217,2
D:\works\Yolo/custom_dataset/train/image73.jpg 26,17,85,59,4 105,39,155,82,4 129,63,152,80,1 44,92,96,128,4 102,43,113,54,5 34,95,43,107,5 83,123,96,134,5
D:\works\Yolo/custom_dataset/train/image74.jpg 54,58,235,154,7
D:\works\Yolo/custom_dataset/train/image75.jpg 39,60,197,158,7
D:\works\Yolo/custom_dataset/train/image76.jpg 66,76,85,93,5 130,66,147,90,6 86,80,112,101,6
D:\works\Yolo/custom_dataset/train/image77.jpg 8,79,103,138,7 158,68,190,113,1 128,57,166,79,2 169,54,221,112,6
D:\works\Yolo/custom_dataset/train/image78.jpg 16,34,42,73,7 62,35,101,67,7 40,72,76,112,7 100,78,125,107,7 72,109,103,151,7 19,122,56,155,7 1,85,33,125,7
D:\works\Yolo/custom_dataset/train/image79.jpg 51,42,201,166,7
D:\works\Yolo/custom_dataset/train/image8.jpg 119,76,143,98,1 204,46,224,64,1 264,45,287,62,1 253,81,276,112,6 190,83,215,115,6 45,50,85,85,6 49,73,113,102,7 209,59,243,132,4 273,63,304,130,4 110,66,127,84,2 196,50,206,57,2 254,49,266,58,2
D:\works\Yolo/custom_dataset/train/image80.jpg 68,72,96,103,1 31,175,64,205,1 158,161,180,197,1 169,44,197,73,1 139,53,167,78,2 145,137,170,165,2 51,44,85,73,2 83,62,102,77,2 56,146,84,172,2 37,149,58,171,2 23,120,101,156,0 115,22,188,60,7 158,113,211,179,4 16,63,73,107,4 13,18,55,67,6 137,156,158,187,6
D:\works\Yolo/custom_dataset/train/image81.jpg 29,51,57,78,1 169,57,193,81,1 246,44,275,70,1 208,44,242,81,6 142,41,175,76,6 58,51,90,88,6 5,77,93,151,7 109,58,196,150,7
D:\works\Yolo/custom_dataset/train/image82.jpg 49,20,97,85,7 203,76,211,88,5 105,84,115,93,5
D:\works\Yolo/custom_dataset/train/image83.jpg 28,28,102,93,2 13,42,229,149,7
D:\works\Yolo/custom_dataset/train/image84.jpg 83,71,127,105,6 109,58,140,78,6 122,73,147,101,5 111,56,216,150,4 61,78,87,111,2
D:\works\Yolo/custom_dataset/train/image85.jpg 4,9,119,63,7 1,81,141,170,7 137,84,214,175,7 157,14,194,34,6 135,10,155,48,2
D:\works\Yolo/custom_dataset/train/image86.jpg 8,128,141,204,7
D:\works\Yolo/custom_dataset/train/image87.jpg 115,66,150,82,1 210,91,248,134,1 72,40,92,51,1 13,39,55,69,7 51,52,111,102,7 176,75,211,107,6 106,48,132,71,6 64,28,82,42,6 83,32,107,48,2 169,67,186,86,2
D:\works\Yolo/custom_dataset/train/image88.jpg 95,93,203,184,4 156,137,197,171,5 163,157,207,184,5 189,97,214,132,2 116,1,166,77,4
D:\works\Yolo/custom_dataset/train/image89.jpg 91,64,122,97,1 143,22,177,45,1 121,15,144,47,6 69,74,93,97,6 134,36,219,96,7 80,81,183,170,7
D:\works\Yolo/custom_dataset/train/image9.jpg 195,44,266,64,0 255,60,269,70,2 69,25,87,40,1 65,33,83,49,1 161,32,181,44,1 166,21,185,35,1 176,105,201,126,1 159,105,181,128,1 107,63,128,78,1 104,74,125,92,1 22,111,43,133,1 17,130,39,147,1 41,107,61,120,5 96,86,116,98,5 155,43,171,50,5 146,100,160,120,5 8,16,50,52,8 38,61,80,100,4 64,107,124,172,7 109,24,154,52,7 49,113,81,163,6 45,21,58,36,6 136,9,159,29,6 69,57,84,75,6
D:\works\Yolo/custom_dataset/train/image90.jpg 149,73,212,118,7 187,1,255,30,6
D:\works\Yolo/custom_dataset/train/image91.jpg 109,31,179,80,1 12,27,88,91,1 68,15,127,63,6 129,21,150,33,6 159,16,203,47,6 164,125,186,154,6 84,108,102,122,6 70,141,142,178,6 182,81,197,93,6 196,100,209,113,6 12,39,259,177,7
D:\works\Yolo/custom_dataset/train/image92.jpg 25,64,181,193,7
D:\works\Yolo/custom_dataset/train/image93.jpg 39,119,129,175,3 137,61,177,173,7
D:\works\Yolo/custom_dataset/train/image94.jpg 75,10,152,67,6 144,14,186,55,1 69,48,208,159,4
D:\works\Yolo/custom_dataset/train/image95.jpg 56,41,209,125,7
D:\works\Yolo/custom_dataset/train/image96.jpg 3,95,192,235,7
D:\works\Yolo/custom_dataset/train/image97.jpg 108,133,155,169,1 117,78,155,143,6 24,65,122,167,7
D:\works\Yolo/custom_dataset/train/image98.jpg 218,111,248,133,1 173,1,198,18,1 55,76,85,100,1 42,85,75,115,6 230,92,261,117,6 73,61,115,101,3 160,15,189,43,3 207,132,244,160,3 237,135,261,153,5 62,54,92,71,5 185,23,213,41,5 194,7,212,27,2 53,60,72,84,2 243,117,269,136,2 164,97,208,162,4 116,1,160,37,7 87,84,144,143,4
D:\works\Yolo/custom_dataset/train/image99.jpg 100,83,221,157,7
D:\works\Yolo/custom_dataset/train/images603.jpg 7,77,93,171,2 67,145,142,217,2 88,87,150,151,2
